,Open,Low,High,Volume,Close,Subjectivity,Polarity,Compound,Negative,Neutral,Positive,Label,Nedgang,Oppgang,Nedgang-KNN,Oppgang-KNN,Nedgang-Linear,Oppgang-Linear,Nedgang-Support,Oppgang-Support,Nedgang-Tree,Oppgang-Tree
0,26.7334137992246,26.6207344462597,27.109016418457,66694000,27.109016418457,0.396111111111111,-0.0294444444444444,0.875,0.0,0.829,0.171,1,0.4416083534005268,0.5583916465994727,0.5,0.5,0.42955651361969704,0.570443486380303,0.47639555094063857,0.5236044490593614,0.32786885245901637,0.6721311475409836
1,27.2968151250805,26.9493850409331,27.456445696204,63110600,27.0808448791504,0.501556838223505,-0.028044733044733,0.981,0.02,0.87,0.11,0,0.4995167472629652,0.5004832527370348,0.42857142857142855,0.5714285714285714,0.49740145956519155,0.5025985404348084,0.4985532466457082,0.5014467533542918,0.64,0.36
2,27.5315623967008,27.2123012946104,27.700583190867,46383400,27.3062019348145,0.335189393939394,0.0998484848484848,0.9552,0.018,0.869,0.112,0,0.49765899718482115,0.5023410028151791,0.5,0.5,0.49077386741037277,0.5092261325896272,0.49739381494002843,0.5026061850599716,0.5463917525773195,0.4536082474226804
3,27.2310832472859,26.9869422860102,27.2968131616667,40535300,27.1277923583984,0.542765635448562,-0.0022238939921866,0.9871,0.019,0.858,0.123,0,0.4866546638002104,0.5133453361997894,0.35714285714285715,0.6428571428571429,0.4855579011387179,0.5144420988612821,0.494400976103766,0.505599023896234,0.5463917525773195,0.4536082474226804
4,27.1371871928943,26.9963370966781,27.3719379502567,42669700,27.296817779541,0.244659863945578,0.0917501546072975,-0.1882,0.07,0.848,0.082,1,0.5300201959057169,0.46997980409428325,0.7142857142857143,0.2857142857142857,0.4886611620596838,0.5113388379403162,0.49667319233559903,0.503326807664401,0.5170940170940171,0.4829059829059829
5,27.4658386114029,27.2216976088253,27.6911991235501,50440100,27.296817779541,0.311932966023875,0.04951134723862,0.9371,0.072,0.818,0.11,0,0.4898527382364635,0.5101472617635364,0.35714285714285715,0.6428571428571429,0.5170874521748916,0.48291254782510834,0.5015791724158595,0.4984208275841405,0.7368421052631579,0.2631578947368421
6,27.7569271613259,27.7569271613259,28.3766689753341,100192000,28.329719543457,0.358333333333333,0.253125,0.7579,0.0,0.93,0.07,1,0.5415271405344082,0.45847285946559185,0.5,0.5,0.5146041216001876,0.48539587839981235,0.5072568679353908,0.4927431320646092,0.5170940170940171,0.4829059829059829
7,28.2639869251999,27.8508251582871,28.3015461089161,57438800,28.0198459625244,0.347658442186744,0.0593505079825834,0.9635,0.102,0.735,0.163,0,0.4224473658897999,0.5775526341102001,0.2857142857142857,0.7142857142857143,0.48312660143089414,0.5168733985691059,0.4870052249720864,0.5129947750279136,0.46551724137931033,0.5344827586206896
8,27.5127857393793,27.2310855705689,28.2170379524112,105168400,28.0574073791504,0.366969696969697,0.0852020202020202,0.4215,0.0,0.968,0.032,1,0.5830088639284664,0.4169911360715335,0.7857142857142857,0.21428571428571427,0.5330121126908615,0.46698788730913854,0.5153047853738278,0.48469521462617216,0.5873015873015873,0.4126984126984127
9,28.0104580464336,27.6630261654078,28.2827697627789,94831600,28.1982593536377,0.376672802729523,0.117771312365211,1.0,0.038,0.777,0.185,1,0.42476035289396985,0.5752396471060301,0.42857142857142855,0.5714285714285714,0.4385458853681138,0.5614541146318862,0.47604527591286827,0.5239547240871317,0.34375,0.65625
10,28.1606986973768,28.0949687764065,28.3672787048555,41889700,28.235818862915,0.487381149666306,0.192976838699495,0.9996,0.033,0.763,0.204,1,0.4077587233434908,0.5922412766565093,0.35714285714285715,0.6428571428571429,0.4197015310546395,0.5802984689453605,0.46963931403601444,0.5303606859639856,0.34375,0.65625
11,28.6959285975924,28.3391082777276,29.0057994880822,56161000,28.4142284393311,0.473492994460736,0.168857934180515,0.5414,0.06,0.867,0.073,0,0.5366903242069666,0.463309675793033,0.42857142857142855,0.5714285714285714,0.526814912588812,0.4731850874111881,0.5077657033481502,0.4922342966518498,0.5170940170940171,0.4829059829059829
12,28.7898292114307,28.6395888884113,28.9212890463212,35256100,28.8367786407471,0.390560365560366,0.0411495911495911,0.9686,0.046,0.825,0.129,1,0.4779758591234688,0.5220241408765314,0.2857142857142857,0.7142857142857143,0.49057445069959216,0.5094255493004078,0.4941052830492645,0.5058947169507355,0.5463917525773195,0.4536082474226804
13,26.770972030815,26.6207317149393,26.8836513722189,29177600,26.7521915435791,0.516580641580642,-0.0339618714618715,0.9509,0.028,0.891,0.081,0,0.5283908735518134,0.47160912644818626,0.6428571428571429,0.35714285714285715,0.5254477940720379,0.47455220592796205,0.5080097912775183,0.49199020872248167,0.5170940170940171,0.4829059829059829
14,26.0761130826558,25.3342998716685,26.2263534155889,58649300,25.5033206939697,0.49705948372615,-0.0031902356902357,0.9432,0.042,0.862,0.096,0,0.5119171770912827,0.48808282290871724,0.7142857142857143,0.2857142857142857,0.5174399891857329,0.48256001081426714,0.5040771325166205,0.4959228674833795,0.5170940170940171,0.4829059829059829
15,24.8835773771533,24.864796888914,25.2310092455562,68304200,24.9774780273438,0.625694444444444,0.242361111111111,0.8934,0.0,0.818,0.182,1,0.43096738694605985,0.5690326130539398,0.2857142857142857,0.7142857142857143,0.42071031952186244,0.5792896804781376,0.4731097334517611,0.5268902665482389,0.32786885245901637,0.6721311475409836
16,25.5221008362148,25.4845398579894,26.2451335480001,58426400,26.2169628143311,0.330684242657927,0.070343567251462,0.9309,0.036,0.899,0.065,1,0.5439357100382782,0.4560642899617216,0.7142857142857143,0.2857142857142857,0.5421961457546525,0.4578038542453475,0.513429257057008,0.486570742942992,0.5170940170940171,0.4829059829059829
17,26.2075717035178,25.9998754595724,26.4719138509167,38633600,26.3208599090576,0.539799391429826,0.0160949557688688,0.9878,0.026,0.837,0.137,1,0.4726065775594242,0.5273934224405759,0.6428571428571429,0.35714285714285715,0.4759169830276958,0.5240830169723042,0.49041158077152125,0.5095884192284788,0.5463917525773195,0.4536082474226804
18,26.1981308919179,25.8865856236089,26.2358948278019,51317200,25.9904346466064,0.183333333333333,0.07,0.5267,0.0,0.959,0.041,0,0.5730526068589301,0.4269473931410697,0.42857142857142855,0.5714285714285714,0.5298529014830464,0.4701470985169536,0.5137103850939972,0.4862896149060028,0.5873015873015873,0.4126984126984127
19,26.6229649105715,26.3019786734423,26.6890499945657,33528900,26.3869457244873,0.520415333458812,0.0218920572181442,0.9686,0.039,0.851,0.11,0,0.4980390138964987,0.5019609861035009,0.7857142857142857,0.21428571428571427,0.504767604155234,0.495232395844766,0.49970327570072826,0.5002967242992717,0.64,0.36
20,26.3491814007018,26.2264522180538,26.5946415666812,37322100,26.4719123840332,0.347420634920635,0.121626984126984,-0.1779,0.085,0.834,0.081,1,0.5249782238126367,0.47502177618736363,0.7857142857142857,0.21428571428571427,0.4963191767169749,0.5036808232830251,0.4981459884739713,0.5018540115260287,0.5170940170940171,0.4829059829059829
21,26.4530351590371,26.273660043921,27.1894139882897,60170700,27.0194816589355,0.483238289488289,0.0314997502497503,0.9911,0.025,0.83,0.145,1,0.4648346104750139,0.535165389524986,0.5714285714285714,0.42857142857142855,0.4684672277095714,0.5315327722904286,0.4878255495747341,0.5121744504252659,0.5463917525773195,0.4536082474226804
22,26.4530331281457,25.8488227343222,26.4530331281457,46901300,26.2075729370117,0.498940705758888,-0.0290609012199921,0.9884,0.032,0.832,0.135,0,0.4736084670234173,0.5263915329765829,0.5,0.5,0.4774759573323699,0.5225240426676301,0.49140123085148557,0.5085987691485144,0.5463917525773195,0.4536082474226804
23,26.377508898644,26.2925418342063,26.6040871369166,42312300,26.3491859436035,0.350446428571429,-0.157589285714286,0.7579,0.042,0.819,0.139,0,0.47223694196504873,0.5277630580349516,0.6428571428571429,0.35714285714285715,0.4700317578909312,0.5299682421090688,0.48806456710761126,0.5119354328923887,0.5463917525773195,0.4536082474226804
24,26.5096789389694,26.4907969690482,26.7362571759728,35575600,26.6324081420898,0.332777777777778,-0.0108333333333333,-0.802,0.131,0.776,0.093,1,0.4844900749718159,0.515509925028184,0.2857142857142857,0.7142857142857143,0.4754671874218789,0.5245328125781211,0.4898469570098606,0.5101530429901394,0.3157894736842105,0.6842105263157895
25,27.3876663099741,27.1233241758166,27.6331264772595,101856900,27.3782253265381,0.381003401360544,0.104886621315193,0.9371,0.096,0.78,0.124,0,0.4648185647085209,0.5351814352914794,0.2857142857142857,0.7142857142857143,0.5145134158901756,0.48548658410982437,0.4987446082687903,0.5012553917312097,0.24528301886792453,0.7547169811320755
26,27.5575984411295,27.3121382913851,27.6048015542527,26642300,27.4254264831543,0.495763187429854,-0.0314309764309764,0.9922,0.013,0.844,0.143,0,0.4671137820482204,0.5328862179517796,0.35714285714285715,0.6428571428571429,0.46531507168386543,0.5346849283161346,0.48765696335439657,0.5123430366456034,0.32786885245901637,0.6721311475409836
27,27.3499023291219,27.3215811795461,27.7747375795926,28750100,27.7086524963379,0.493962350780533,-0.0116907713498623,0.9849,0.031,0.846,0.123,1,0.4859352147016013,0.5140647852983986,0.42857142857142855,0.5714285714285714,0.49047184180876613,0.5095281581912339,0.49519591673975993,0.5048040832602401,0.5463917525773195,0.4536082474226804
28,27.4726355921914,27.4065505034539,27.8502659568939,37376800,27.7180957794189,0.343799547503251,0.0009916181212477,-0.25,0.079,0.847,0.074,1,0.5348762314192659,0.4651237685807342,0.7142857142857143,0.2857142857142857,0.4967324814498453,0.5032675185501547,0.49909477060531204,0.500905229394688,0.5170940170940171,0.4829059829059829
29,27.5387180488508,27.2460547692638,27.5670409987529,54920400,27.3687839508057,0.49375,-0.0270833333333333,0.6369,0.0,0.91,0.09,0,0.5235036300423181,0.47649636995768224,0.5,0.5,0.4909044375095474,0.5090955624904526,0.49938393923315927,0.5006160607668407,0.5170940170940171,0.4829059829059829
30,27.4726348737893,27.3782268349115,27.9635552354069,84958300,27.5576019287109,0.299672619047619,0.0837946428571429,0.9934,0.057,0.76,0.183,1,0.42238606526621075,0.5776139347337894,0.5,0.5,0.4478648022293238,0.5521351977706762,0.477901861611266,0.522098138388734,0.5463917525773195,0.4536082474226804
31,27.6425684778476,27.5481604406973,27.9257907886152,49468800,27.8313827514648,0.381556078389905,0.11736796964036,1.0,0.035,0.794,0.171,1,0.4385399434800683,0.5614600565199312,0.7142857142857143,0.2857142857142857,0.4497654320899629,0.5502345679100371,0.4803099393409045,0.5196900606590955,0.34375,0.65625
32,27.8880313601084,27.7369774056011,27.9541164523208,44863200,27.755859375,0.26029341029341,0.0683922558922559,0.93,0.022,0.835,0.144,0,0.4673919335593308,0.5326080664406689,0.6428571428571429,0.35714285714285715,0.46802485348338974,0.5319751465166103,0.4872630827666439,0.5127369172333561,0.5463917525773195,0.4536082474226804
33,28.8604297393472,28.7188185684366,29.2569420983073,46978800,29.0492458343506,0.0,0.0,0.5267,0.0,0.864,0.136,1,0.479928569150098,0.5200714308499016,0.35714285714285715,0.6428571428571429,0.4445040263417315,0.5554959736582685,0.48333157867078047,0.5166684213292195,0.32786885245901637,0.6721311475409836
34,28.5205602715995,28.4639161657891,29.1719737908122,37598300,29.1625328063965,0.328587962962963,-0.034837962962963,0.5574,0.0,0.939,0.061,1,0.5530424317090185,0.44695756829098193,0.42857142857142855,0.5714285714285714,0.5133026450044422,0.48669735499555783,0.5076901114527435,0.49230988854725655,0.5170940170940171,0.4829059829059829
35,29.1058865143384,28.8793083074321,29.3230237375381,60607600,28.9642753601074,0.420089285714286,0.135833333333333,0.9717,0.04,0.847,0.113,0,0.4948532730344547,0.5051467269655453,0.7142857142857143,0.2857142857142857,0.5026280073578415,0.4973719926421584,0.4988499433866922,0.5011500566133078,0.5463917525773195,0.4536082474226804
36,27.718094549302,27.2932592824384,27.8502647209113,57492300,27.7369747161865,0.254444444444444,-0.0275,0.7506,0.086,0.781,0.133,1,0.4637864166425156,0.5362135833574845,0.5,0.5,0.4934676478166825,0.5065323521833175,0.4929064938293688,0.5070935061706312,0.24528301886792453,0.7547169811320755
37,26.6890548181268,26.405830663228,26.9250740468672,53499600,26.745698928833,0.303947368421053,0.0322368421052631,-0.9712,0.144,0.838,0.017,1,0.5521441016746543,0.44785589832534595,0.5714285714285714,0.42857142857142855,0.5385782547352755,0.4614217452647245,0.5129119636707296,0.48708803632927045,0.5873015873015873,0.4126984126984127
38,26.0282000726767,25.8488249559155,26.6701726584044,69919200,26.1698112487793,0.363157894736842,0.205263157894737,0.128,0.109,0.773,0.118,1,0.472853365496101,0.5271466345038992,0.5,0.5,0.48737930065143575,0.5126206993485642,0.491686137627947,0.508313862372053,0.24528301886792453,0.7547169811320755
39,25.0463561087282,24.9613890596059,25.6033615193371,70841700,25.5183944702148,0.414814814814815,0.0888888888888889,-0.9186,0.115,0.868,0.016,1,0.5743214504664099,0.42567854953359,0.5,0.5,0.5298583444792677,0.4701416555207323,0.5118878875221327,0.48811211247786734,0.5873015873015873,0.4126984126984127
40,25.5089550102113,25.2068507289286,25.5467171450299,47665000,25.2257308959961,0.276089278686681,0.07036716890613,0.8126,0.09,0.812,0.097,0,0.49676201388960434,0.5032379861103959,0.7142857142857143,0.2857142857142857,0.5276880877748453,0.4723119122251547,0.5053835830721196,0.4946164169278804,0.5170940170940171,0.4829059829059829
41,25.4239864349365,25.2918162699537,25.56559758323,47785400,25.4239864349365,0.341287878787879,0.0386363636363636,0.7783,0.0,0.845,0.155,1,0.45829963208242047,0.5417003679175793,0.5,0.5,0.4392654077779199,0.5607345922220801,0.4803267229721533,0.5196732770278467,0.32786885245901637,0.6721311475409836
42,25.3579029307748,24.8103384694573,25.3956650656845,52517000,24.9897117614746,0.0972222222222222,-0.0277777777777778,-0.3612,0.039,0.961,0.0,0,0.6190639032238353,0.38093609677616475,0.5714285714285714,0.42857142857142855,0.5413720521461016,0.4586279478538983,0.5186612012207774,0.48133879877922264,0.5873015873015873,0.4126984126984127
43,24.7536917889853,24.7442508053834,25.5655983719172,45897900,25.348461151123,0.500156325156325,-0.0516654641654642,0.7096,0.06,0.865,0.075,1,0.5325050311383709,0.4674949688616288,0.5714285714285714,0.42857142857142855,0.5328875506477726,0.4671124493522274,0.5091771302679713,0.49082286973202877,0.5170940170940171,0.4829059829059829
44,27.5127857393793,27.2310855705689,28.2170379524112,105168400,28.0574073791504,0.379955106621773,0.100381593714927,0.9917,0.031,0.807,0.162,1,0.44783417454573166,0.5521658254542687,0.6428571428571429,0.35714285714285715,0.4557591363964384,0.5442408636035616,0.4828102405743231,0.5171897594256769,0.5463917525773195,0.4536082474226804
45,28.0104580464336,27.6630261654078,28.2827697627789,94831600,28.1982593536377,0.422586719702824,0.143209926084458,1.0,0.033,0.818,0.149,1,0.4600132554080467,0.5399867445919532,0.42857142857142855,0.5714285714285714,0.4686263707657281,0.5313736292342719,0.4872028890808713,0.5127971109191287,0.34375,0.65625
46,28.1231391889573,28.0010678019728,28.3203289496162,61796600,28.1982593536377,0.31265406162465,0.140077030812325,0.9607,0.054,0.825,0.12,1,0.4847857499925065,0.5152142500074938,0.5714285714285714,0.42857142857142855,0.49888172109363227,0.5011182789063677,0.4973674586762452,0.5026325413237548,0.5463917525773195,0.4536082474226804
47,28.9212883194554,28.5550777651752,28.9964084790771,47764200,28.7147083282471,0.295238095238095,-0.0357142857142857,0.6486,0.0,0.916,0.084,0,0.5292518115987098,0.47074818840129007,0.6428571428571429,0.35714285714285715,0.49685998046448965,0.5031400195355104,0.5014459123791724,0.4985540876208277,0.5170940170940171,0.4829059829059829
48,28.6959285975924,28.3391082777276,29.0057994880822,56161000,28.4142284393311,0.34040404040404,0.0621212121212121,0.3182,0.053,0.874,0.073,0,0.540848436234578,0.4591515637654219,0.5,0.5,0.5134300087943363,0.4865699912056637,0.5045643401052342,0.4954356598947658,0.5170940170940171,0.4829059829059829
49,28.2733798284672,28.235818850212,28.7428813106217,39882000,28.6114196777344,0.475992063492063,0.0306132756132756,0.8779,0.044,0.844,0.112,1,0.4966992797118043,0.5033007202881961,0.5714285714285714,0.42857142857142855,0.5007987706766195,0.49920122932338057,0.4982996709791828,0.5017003290208172,0.5463917525773195,0.4536082474226804
50,27.1935218410743,26.3390293856776,27.2310828149846,72547000,26.5268306732178,0.363333333333333,0.0,-0.7096,0.14,0.804,0.056,0,0.5160810153080083,0.4839189846919918,0.21428571428571427,0.7857142857142857,0.5168886157466702,0.4831113842533298,0.503424426939324,0.49657557306067596,0.3157894736842105,0.6842105263157895
51,26.6301265747549,26.4892746870753,27.2216976971857,52216100,26.874267578125,0.2,-0.0232142857142857,0.743,0.056,0.856,0.087,1,0.5206763208669158,0.4793236791330842,0.5714285714285714,0.42857142857142855,0.5192277020487941,0.48077229795120596,0.5054048224041326,0.49459517759586735,0.5170940170940171,0.4829059829059829
52,26.3859848318849,26.3014744180482,26.7521954311735,51973200,26.564395904541,0.646428571428571,0.128571428571429,0.6486,0.019,0.913,0.068,1,0.5461454385139338,0.4538545614860662,0.6428571428571429,0.35714285714285715,0.5192181501485837,0.48078184985141625,0.5078645977823221,0.49213540221767793,0.5170940170940171,0.4829059829059829
53,26.5268306702202,26.4986599397906,26.8930412107757,43772500,26.6676807403564,0.252083333333333,-0.0458333333333333,0.3818,0.0,0.934,0.066,1,0.5500564666862643,0.44994353331373543,0.7142857142857143,0.2857142857142857,0.5005555236665329,0.49944447633346706,0.5039493954841846,0.4960506045158154,0.5170940170940171,0.4829059829059829
54,26.770972030815,26.6207317149393,26.8836513722189,29177600,26.7521915435791,0.373345701917131,0.0439084724799011,0.9201,0.012,0.893,0.095,0,0.5153019238840678,0.48469807611593213,0.5,0.5,0.5047133699086124,0.4952866300913877,0.502060678859783,0.49793932114021705,0.5170940170940171,0.4829059829059829
55,26.0761130826558,25.3342998716685,26.2263534155889,58649300,25.5033206939697,0.373883928571429,-0.0114955357142857,-0.8807,0.09,0.835,0.076,0,0.5275917115081177,0.47240828849188243,0.35714285714285715,0.6428571428571429,0.47272634034966354,0.5272736596503365,0.4915843575487602,0.5084156424512398,0.3157894736842105,0.6842105263157895
56,25.5221008362148,25.4845398579894,26.2451335480001,58426400,26.2169628143311,0.489395411844391,0.0028241599670171,0.9595,0.04,0.86,0.101,1,0.5073525225799653,0.49264747742003473,0.8571428571428571,0.14285714285714285,0.5156427945978723,0.48435720540212773,0.502607675342555,0.497392324657445,0.64,0.36
57,26.4530351590371,26.273660043921,27.1894139882897,60170700,27.0194816589355,0.400748087528909,0.0289396904465398,0.9578,0.038,0.898,0.064,1,0.5442422932557178,0.4557577067442819,0.5,0.5,0.5451740426892082,0.45482595731079184,0.5142136199853082,0.48578638001469177,0.5170940170940171,0.4829059829059829
58,26.5096759827303,26.3303008898493,26.79289829723,40046400,26.4152679443359,0.485912698412698,0.164808802308802,0.9796,0.057,0.786,0.157,0,0.447629118857439,0.5523708811425613,0.35714285714285715,0.6428571428571429,0.4704922511355891,0.5295077488644109,0.48603959452624257,0.5139604054737574,0.5463917525773195,0.4536082474226804
59,26.377508898644,26.2925418342063,26.6040871369166,42312300,26.3491859436035,0.328865578865579,0.0753690753690754,0.9869,0.036,0.832,0.132,0,0.47644282789190084,0.5235571721080993,0.5,0.5,0.48455041047237735,0.5154495895276227,0.4926842244842311,0.5073157755157689,0.5463917525773195,0.4536082474226804
60,26.5096789389694,26.4907969690482,26.7362571759728,35575600,26.6324081420898,0.666666666666667,-0.225,-0.1779,0.061,0.89,0.049,1,0.5660225643531271,0.43397743564687286,0.7142857142857143,0.2857142857142857,0.5151127229054586,0.4848872770945413,0.5067379505907966,0.4932620494092034,0.5873015873015873,0.4126984126984127
61,27.8880313601084,27.7369774056011,27.9541164523208,44863200,27.755859375,0.457936507936508,0.0107142857142857,0.9806,0.02,0.863,0.117,0,0.49263223388825406,0.507367766111746,0.5,0.5,0.491075203626272,0.508924796373728,0.49630928374255745,0.5036907162574426,0.5463917525773195,0.4536082474226804
62,29.0020409946984,28.784903745291,29.1247719970131,39176700,28.8132266998291,0.348928571428571,0.064702380952381,0.9682,0.02,0.902,0.078,0,0.531408618070222,0.46859138192977823,0.42857142857142855,0.5714285714285714,0.5256164439044333,0.4743835560955667,0.5086323594921488,0.4913676405078512,0.5170940170940171,0.4829059829059829
63,28.5205602715995,28.4639161657891,29.1719737908122,37598300,29.1625328063965,0.367092803030303,0.0586647727272727,0.9524,0.04,0.868,0.092,1,0.5160747637536821,0.4839252362463182,0.7857142857142857,0.21428571428571427,0.5206353889468727,0.4793646110531273,0.50533177186129,0.49466822813871003,0.5170940170940171,0.4829059829059829
64,26.0282000726767,25.8488249559155,26.6701726584044,69919200,26.1698112487793,0.316900486344931,0.0978582117471006,0.9593,0.0,0.919,0.081,1,0.5275328244744052,0.47246717552559503,0.5,0.5,0.5141468455537198,0.4858531544462802,0.5061949414806323,0.49380505851936773,0.5170940170940171,0.4829059829059829
65,93.2952616125384,93.2952616125384,94.429555556149,10582400,94.2283096313477,0.37026677026677,0.0708171458171458,0.7574,0.099,0.791,0.11,1,0.4800725319896322,0.519927468010368,0.5714285714285714,0.42857142857142855,0.519941983286826,0.4800580167131741,0.5012365036781398,0.49876349632186023,0.7368421052631579,0.2631578947368421
66,95.6735942109708,94.9052084036856,95.8565481976918,10219100,95.1704864501953,0.496144890463072,-0.042782943067034,0.9799,0.028,0.858,0.114,0,0.49516937307890363,0.5048306269210966,0.5,0.5,0.49709175337295675,0.5029082466270433,0.49780823434053756,0.5021917656594624,0.5463917525773195,0.4536082474226804
67,95.3076841266205,95.0881393795705,96.030336549622,13022200,95.4906311035156,0.336067193675889,0.0809288537549407,-0.4019,0.062,0.896,0.042,1,0.5732237765449981,0.4267762234550017,0.6428571428571429,0.35714285714285715,0.5113255356131772,0.4886744643868229,0.5063134583831875,0.49368654161681247,0.5873015873015873,0.4126984126984127
68,98.9758256441893,97.4664955811715,99.1587796068745,12889300,97.695182800293,0.350197628458498,0.0341897233201581,0.0772,0.016,0.966,0.018,0,0.6008235769227688,0.39917642307723133,0.5,0.5,0.5361427457442702,0.4638572542557298,0.5166779493369003,0.4833220506630997,0.5873015873015873,0.4126984126984127
69,97.3567319667322,95.5089421406604,97.5579778543102,14920700,95.6095581054688,0.490230723382897,-0.0224833741138089,0.992,0.025,0.82,0.155,0,0.4551405720231796,0.5448594279768204,0.6428571428571429,0.35714285714285715,0.4595442079942361,0.5404557920057639,0.48464017338344767,0.5153598266165523,0.5463917525773195,0.4536082474226804
70,94.6673518898078,93.5605066730661,94.6673518898078,19751000,94.100212097168,0.361341991341991,0.0212878787878788,0.9325,0.048,0.854,0.098,0,0.5089660353689621,0.49103396463103777,0.7857142857142857,0.21428571428571427,0.5176450276338751,0.48235497236612496,0.5037178172284303,0.49628218277156966,0.5170940170940171,0.4829059829059829
71,91.3102446357102,90.3954956383663,91.8408007291252,15987100,91.4017181396484,0.306372549019608,0.0215686274509804,0.9908,0.014,0.746,0.24,1,0.3769060810653151,0.6230939189346849,0.5,0.5,0.3805491293033959,0.6194508706966041,0.4567857743779564,0.5432142256220436,0.32786885245901637,0.6721311475409836
72,95.6827315441913,95.435752417105,96.4511242331996,10295400,96.1766967773438,0.349162679425837,0.0402312599681021,0.3862,0.014,0.956,0.03,1,0.586549164374469,0.4134508356255311,0.6428571428571429,0.35714285714285715,0.5389828035310289,0.46101719646897105,0.5164716340529543,0.48352836594704574,0.5873015873015873,0.4126984126984127
73,96.3688056462946,96.2766251731064,97.4564691255176,11952100,97.2997665405273,0.486286534815946,-0.0065536315536315,0.9881,0.013,0.859,0.128,1,0.4817667646353466,0.5182332353646538,0.42857142857142855,0.5714285714285714,0.4785978699397442,0.5214021300602558,0.4924032028494175,0.5075967971505825,0.6666666666666666,0.3333333333333333
74,97.4380224046877,97.299758738375,98.378209709708,11183800,97.9173355102539,0.479867300455536,-0.0134630619924738,0.9916,0.013,0.844,0.143,1,0.46712412853242113,0.532875871467579,0.35714285714285715,0.6428571428571429,0.4652870378948376,0.5347129621051624,0.48764964942420064,0.5123503505757994,0.32786885245901637,0.6721311475409836
75,102.240330363679,100.581187470842,102.314071923107,15163800,101.337020874023,0.240350877192982,0.0429824561403509,-0.836,0.068,0.932,0.0,0,0.6125433149149726,0.3874566850850274,0.5714285714285714,0.42857142857142855,0.5312664743080051,0.46873352569199483,0.5148603713178159,0.48513962868218413,0.5873015873015873,0.4126984126984127
76,101.300147140962,101.263276362322,102.673550241452,11583200,102.406242370605,0.510858585858586,0.22020202020202,-0.6486,0.104,0.896,0.0,1,0.5982901649565289,0.401709835043471,0.21428571428571427,0.7857142857142857,0.5549431029422855,0.4450568970577145,0.519606052010156,0.480393947989844,0.5873015873015873,0.4126984126984127
77,104.397227637749,103.982436630832,105.217583165969,9245700,104.664535522461,0.214285714285714,0.0,0.875,0.033,0.789,0.178,1,0.434195722492584,0.5658042775074159,0.2857142857142857,0.7142857142857143,0.43691956550703026,0.5630804344929697,0.4764164748924046,0.5235835251075954,0.5463917525773195,0.4536082474226804
78,107.319172095913,106.240728099384,107.586479989754,11389100,106.968910217285,0.313361353258613,0.0132509043467948,0.8867,0.055,0.862,0.083,0,0.5231348906243114,0.4768651093756891,0.5,0.5,0.5319050703940011,0.4680949296059989,0.5084360387820868,0.4915639612179133,0.5170940170940171,0.4829059829059829
79,102.719653460103,102.51686766814,103.162088794946,7967900,102.986961364746,0.51566687280973,0.0014069264069264,0.9136,0.059,0.845,0.096,1,0.5085737298299885,0.4914262701700114,0.6428571428571429,0.35714285714285715,0.5231526037529456,0.4768473962470544,0.5048803302021035,0.49511966979789646,0.5170940170940171,0.4829059829059829
80,99.0418596186738,98.6823783166917,99.9175247902672,9966400,99.7516098022461,0.378327483327483,0.159071604071604,0.9977,0.0,0.751,0.249,1,0.3687079822832777,0.6312920177167223,0.5,0.5,0.3677706720632735,0.6322293279367265,0.4530627192265899,0.5469372807734101,0.32786885245901637,0.6721311475409836
81,100.147964277563,98.2030746062934,100.636489800534,10367800,98.6823806762695,0.506874298540965,-0.0132828282828283,0.9468,0.052,0.843,0.105,1,0.500838160454373,0.4991618395456272,0.9285714285714286,0.07142857142857142,0.51368527467058,0.48631472532942,0.5019271045792978,0.4980728954207022,1.0,0.0
82,101.263269418429,100.138735360386,101.742575443105,8340500,101.512138366699,0.319023569023569,0.067003367003367,0.9719,0.026,0.797,0.177,1,0.43434793990240866,0.5656520600975914,0.5,0.5,0.43940315987237666,0.5605968401276233,0.4774366770134122,0.5225633229865878,0.5463917525773195,0.4536082474226804
83,101.530605000304,100.406070635136,102.194265086788,8726700,101.733390808105,0.53942223353988,0.0409409218232748,0.9805,0.038,0.836,0.126,1,0.48216286904372774,0.5178371309562722,0.42857142857142855,0.5714285714285714,0.4904900466264678,0.5095099533735322,0.4946620879656908,0.5053379120343092,0.5463917525773195,0.4536082474226804
84,102.037544764287,100.369182415599,102.221898663169,9670500,100.719444274902,0.499648268398268,-0.0224431818181818,0.981,0.027,0.857,0.115,0,0.49387235458595125,0.5061276454140492,0.5,0.5,0.4930460247186017,0.5069539752813983,0.49736526790771574,0.5026347320922843,0.5463917525773195,0.4536082474226804
85,100.4797986651,100.452147337287,102.6919963111,11057300,102.046768188477,0.481175457195865,-0.0026747062461348,0.988,0.007,0.867,0.126,1,0.48350022384995944,0.5164997761500403,0.42857142857142855,0.5714285714285714,0.47788687758768533,0.5221131224123147,0.49263075793486855,0.5073692420651315,0.6666666666666666,0.3333333333333333
86,100.728675617959,100.046583692536,101.180330416865,13039600,100.157196044922,0.371358543417367,-0.0364145658263305,-0.6369,0.072,0.876,0.052,0,0.5598931978510231,0.4401068021489769,0.21428571428571427,0.7857142857142857,0.49546597072460863,0.5045340292753914,0.5009335251412439,0.49906647485875616,0.3157894736842105,0.6842105263157895
87,100.175628401844,99.2446604371772,100.452155767946,18660100,99.3276214599609,0.483046205495185,-0.0076917130488559,0.9885,0.031,0.829,0.14,1,0.46920760420096164,0.5307923957990389,0.5714285714285714,0.42857142857142855,0.4753393283907894,0.5246606716092106,0.48980316488070064,0.5101968351192994,0.5463917525773195,0.4536082474226804
88,104.627673477248,104.360365570219,105.26367515581,10174900,104.894981384277,0.500080593165699,0.0177788523533204,0.9929,0.006,0.843,0.151,1,0.45915722622629374,0.5408427737737065,0.2857142857142857,0.7142857142857143,0.4552740192620496,0.5447259807379504,0.4846293938759013,0.5153706061240987,0.32786885245901637,0.6721311475409836
89,105.238448092855,105.006379543981,106.157437563387,11595200,105.916084289551,0.497599567099567,-0.0289069264069264,0.9842,0.025,0.853,0.122,1,0.48742981844957334,0.5125701815504271,0.42857142857142855,0.5714285714285714,0.48883083562621366,0.5111691643737863,0.4950963356634668,0.5049036643365332,0.5463917525773195,0.4536082474226804
90,105.943927882783,105.758275882684,107.076423497026,10783400,107.030014038086,0.354639182833627,-0.0019165196942974,0.8144,0.096,0.786,0.118,1,0.4727950565455308,0.5272049434544688,0.8571428571428571,0.14285714285714285,0.5141602537469441,0.48583974625305587,0.499167263927889,0.500832736072111,0.24528301886792453,0.7547169811320755
91,107.252799692872,105.386966606571,107.280646785147,12946600,105.730430603027,0.349685846560847,0.0170304232804233,0.9618,0.02,0.88,0.1,0,0.5097173558693219,0.4902826441306776,0.5714285714285714,0.42857142857142855,0.5055117916506991,0.49448820834930085,0.5015178307648072,0.49848216923519284,0.5170940170940171,0.4829059829059829
92,105.340538588033,104.820700322526,107.215648986623,16945000,106.862907409668,0.316666666666667,-0.129166666666667,0.0,0.0,1.0,0.0,1,0.6172773885060534,0.38272261149394676,0.42857142857142855,0.5714285714285714,0.5420102919173047,0.45798970808269535,0.5203931780526079,0.4796068219473921,0.5873015873015873,0.4126984126984127
93,106.222400063568,105.572611059975,106.695821813139,13120900,105.813957214355,0.354844877344877,0.114354256854257,0.9612,0.087,0.785,0.127,0,0.4656097411387946,0.5343902588612058,0.2857142857142857,0.7142857142857143,0.5064016998694589,0.49359830013054107,0.4973945272413256,0.5026054727586744,0.24528301886792453,0.7547169811320755
94,107.289921360885,107.234220099434,108.496673432396,10011000,108.450263977051,0.408264971139971,-0.002335588023088,-0.8519,0.091,0.85,0.059,1,0.5441962219866088,0.4558037780133913,0.42857142857142855,0.5714285714285714,0.48701479254758484,0.5129852074524152,0.4973732592169633,0.5026267407830367,0.3157894736842105,0.6842105263157895
95,107.05786149923,104.523669904339,108.422425659389,15664500,104.839286804199,0.280357142857143,0.0645833333333333,-0.886,0.139,0.825,0.036,0,0.5371140309723135,0.4628859690276864,0.35714285714285715,0.6428571428571429,0.5261948795191531,0.47380512048084683,0.5076013616949375,0.4923986383050625,0.5873015873015873,0.4126984126984127
96,98.7405293645088,98.2763922637523,100.235051395518,11830600,99.9936981201172,0.409552380952381,0.1374,0.8555,0.047,0.877,0.076,1,0.5324343249186702,0.46756567508133,0.35714285714285715,0.6428571428571429,0.5333955467272459,0.4666044532727541,0.5097462879720227,0.49025371202797724,0.5170940170940171,0.4829059829059829
97,100.114367042307,99.5481192364215,100.662052481092,8374000,99.6130981445312,0.48587620389946,-0.048784355179704,0.9595,0.027,0.884,0.088,1,0.5209933733858655,0.47900662661413407,0.6428571428571429,0.35714285714285715,0.5163627293819851,0.48363727061801487,0.5057394587483337,0.4942605412516663,0.5170940170940171,0.4829059829059829
98,99.6502302865654,97.3202601472977,99.8451670115316,14331800,98.1557083129883,0.469406016688625,-0.0064723320158102,0.9849,0.027,0.849,0.124,0,0.48531255387991623,0.514687446120084,0.42857142857142855,0.5714285714285714,0.4878984873938669,0.5121015126061331,0.49460214682628434,0.5053978531737157,0.5463917525773195,0.4536082474226804
99,92.8835989014218,92.0145833080781,93.2952330915983,14523400,92.6000289916992,0.441339869281046,0.0449346405228758,-0.7184,0.094,0.824,0.082,0,0.5197461137027258,0.4802538862972742,0.21428571428571427,0.7857142857142857,0.47383093023540046,0.5261690697645995,0.49185056723138476,0.5081494327686152,0.3157894736842105,0.6842105263157895
100,102.240330363679,100.581187470842,102.314071923107,15163800,101.337020874023,0.340097569097569,-0.0080829725829725,0.743,0.06,0.847,0.093,0,0.5139229249337177,0.4860770750662822,0.5714285714285714,0.42857142857142855,0.5182734569281752,0.48172654307182483,0.5038276702612932,0.4961723297387068,0.5170940170940171,0.4829059829059829
101,101.300147140962,101.263276362322,102.673550241452,11583200,102.406242370605,0.39315617407284,0.127500218146052,1.0,0.026,0.848,0.126,1,0.48316106346846216,0.5168389365315377,0.42857142857142855,0.5714285714285714,0.4863876780615416,0.5136123219384584,0.4940781488853092,0.5059218511146908,0.34375,0.65625
102,102.959298633561,102.323296987667,105.687680222968,17791900,105.355850219727,0.623333333333333,-0.386666666666667,-0.6249,0.071,0.887,0.041,1,0.5709887070456029,0.4290112929543972,0.2857142857142857,0.7142857142857143,0.5027458212424154,0.49725417875758465,0.504461919460254,0.495538080539746,0.5873015873015873,0.4126984126984127
103,104.166793344984,103.696699670743,105.217586005723,9311800,104.719841003418,0.448590946090946,-0.0812097162097162,0.936,0.053,0.857,0.09,1,0.5157929208010844,0.4842070791989158,0.7857142857142857,0.21428571428571427,0.5270914282374224,0.4729085717625776,0.5066616493311329,0.49333835066886716,0.5170940170940171,0.4829059829059829
104,107.319172095913,106.240728099384,107.586479989754,11389100,106.968910217285,0.344250194250194,0.106779331779332,0.8979,0.02,0.916,0.063,0,0.5471141763529508,0.45288582364704905,0.5,0.5,0.5330299530366873,0.4669700469633126,0.5125032832503102,0.4874967167496898,0.5170940170940171,0.4829059829059829
105,106.664728808275,106.10246170674,107.844565666454,10412900,106.148551940918,0.47042297979798,0.0568734217171717,0.8885,0.059,0.827,0.114,0,0.49096449422864313,0.5090355057713573,0.42857142857142855,0.5714285714285714,0.5057688922112015,0.49423110778879853,0.49881652815127275,0.5011834718487272,0.5463917525773195,0.4536082474226804
106,106.922819661735,106.618640986995,107.549608885875,8185400,107.033432006836,0.340512265512265,-0.0548701298701299,-0.8779,0.093,0.861,0.047,1,0.5557034103223283,0.4442965896776716,0.42857142857142855,0.5714285714285714,0.5002205264737947,0.4997794735262054,0.5010996446991485,0.4989003553008515,0.5873015873015873,0.4126984126984127
107,105.245242683786,104.82123922302,106.434299077674,9387000,106.084030151367,0.392150831624516,-0.0362269309637731,-0.9485,0.117,0.817,0.067,1,0.5209991127701719,0.47900088722982814,0.42857142857142855,0.5714285714285714,0.4889239170564219,0.5110760829435781,0.4954847974742682,0.5045152025257318,0.3157894736842105,0.6842105263157895
108,102.682778630014,102.083640731659,103.042259962551,7918900,102.148162841797,0.383270676691729,0.112797619047619,-0.5719,0.059,0.896,0.044,0,0.5716436919686597,0.4283563080313403,0.5,0.5,0.49751047747983,0.50248952252017,0.5033269514598588,0.49667304854014116,0.5873015873015873,0.4126984126984127
109,99.0418596186738,98.6823783166917,99.9175247902672,9966400,99.7516098022461,0.293506493506494,0.0337662337662338,0.9136,0.0,0.874,0.126,1,0.4841867936167392,0.5158132063832607,0.35714285714285715,0.6428571428571429,0.47148202736608547,0.5285179726339145,0.49124421985992994,0.5087557801400701,0.6666666666666666,0.3333333333333333
110,100.147964277563,98.2030746062934,100.636489800534,10367800,98.6823806762695,0.425309214594929,0.007426948051948,0.9726,0.047,0.814,0.138,1,0.4684556402852343,0.5315443597147657,0.2857142857142857,0.7142857142857143,0.48030062558688114,0.5196993744131189,0.49127624246855894,0.5087237575314411,0.5463917525773195,0.4536082474226804
111,97.5209983751338,97.0601241049912,98.4980495774736,11680700,98.1293487548828,0.375841750841751,-0.0088909932659932,-0.7783,0.187,0.719,0.094,1,0.4304494872809823,0.5695505127190176,0.42857142857142855,0.5714285714285714,0.49908606878625916,0.5009139312137408,0.49365045200928004,0.50634954799072,0.3157894736842105,0.6842105263157895
112,99.4105678253441,98.746907823511,101.300154939876,12858600,101.152671813965,0.356523252575884,0.0799429128376497,0.9808,0.064,0.814,0.122,0,0.4799206438912991,0.5200793561087012,0.42857142857142855,0.5714285714285714,0.5049844887792536,0.4950155112207464,0.4977257713211114,0.5022742286788886,0.24528301886792453,0.7547169811320755
113,102.148163483782,101.733379492058,102.83947482491,9847700,102.019119262695,0.372433862433862,0.0601058201058201,0.9274,0.088,0.714,0.198,0,0.39708944612506863,0.6029105538749314,0.42857142857142855,0.5714285714285714,0.4442592047711029,0.5557407952288971,0.47442972889095825,0.5255702711090418,0.46551724137931033,0.5344827586206896
114,101.115805694695,100.525887228617,101.733382522443,8128600,100.673370361328,0.413649891774892,0.14163961038961,-0.128,0.035,0.918,0.048,0,0.5720772457999196,0.42792275420008025,0.6428571428571429,0.35714285714285715,0.5102612245052427,0.48973877549475736,0.5059539300831204,0.49404606991687955,0.5873015873015873,0.4126984126984127
115,100.728675617959,100.046583692536,101.180330416865,13039600,100.157196044922,0.482208994708995,-0.0348544973544974,-0.3818,0.038,0.938,0.024,0,0.5957387454745412,0.4042612545254589,0.5714285714285714,0.42857142857142855,0.5184441926266823,0.48155580737331766,0.5106714239154833,0.4893285760845167,0.5873015873015873,0.4126984126984127
116,104.627673477248,104.360365570219,105.26367515581,10174900,104.894981384277,0.191666666666667,0.03,-0.3612,0.043,0.957,0.0,1,0.6185808762231568,0.38141912377684317,0.5714285714285714,0.42857142857142855,0.543033493485808,0.456966506514192,0.5189347676427452,0.48106523235725485,0.5873015873015873,0.4126984126984127
117,105.210574130579,104.208043570443,105.702565310683,6849400,104.727874755859,0.343537414965986,-0.045578231292517,-0.7096,0.147,0.764,0.089,0,0.4758279251763806,0.5241720748236194,0.21428571428571427,0.7857142857142857,0.4900851262316779,0.5099148737683221,0.49334831324795314,0.5066516867520469,0.3157894736842105,0.6842105263157895
118,104.226626039707,104.105952943292,105.349836971813,8947300,105.219879150391,0.449763257575758,0.196022727272727,-0.6597,0.087,0.843,0.07,1,0.5355287537996564,0.4644712462003437,0.2857142857142857,0.7142857142857143,0.48445393400099923,0.5155460659990008,0.4959250372254014,0.5040749627745986,0.3157894736842105,0.6842105263157895
119,105.238448092855,105.006379543981,106.157437563387,11595200,105.916084289551,0.372675736961451,0.0608843537414966,0.802,0.036,0.886,0.078,1,0.5329876259869832,0.4670123740130169,0.35714285714285715,0.6428571428571429,0.5245097509125599,0.4754902490874401,0.5077012280695106,0.4922987719304895,0.5170940170940171,0.4829059829059829
120,105.340538588033,104.820700322526,107.215648986623,16945000,106.862907409668,0.483333333333333,0.325,0.9118,0.029,0.763,0.208,1,0.4060050725703978,0.5939949274296022,0.35714285714285715,0.6428571428571429,0.41057232192379467,0.5894276780762053,0.4670254564628121,0.5329745435371879,0.5463917525773195,0.4536082474226804
121,108.505970218997,107.04858001436,108.830864771208,10138400,107.410606384277,0.219903273809524,0.0319568452380952,0.8689,0.072,0.805,0.123,0,0.4779521574122214,0.5220478425877789,0.5714285714285714,0.42857142857142855,0.5021765656020398,0.49782343439796023,0.4965889574835566,0.5034110425164434,0.24528301886792453,0.7547169811320755
122,102.156558654189,100.569203848919,102.574279129996,10203500,102.509300231934,0.418868312757202,0.0470267489711934,0.6486,0.07,0.851,0.079,1,0.5261403313173988,0.4738596686826013,0.7857142857142857,0.21428571428571427,0.5306114852608315,0.46938851473916854,0.5078388536528641,0.4921611463471359,0.5170940170940171,0.4829059829059829
123,101.506770971414,100.522802696043,102.527871060482,9980800,101.868797302246,0.330516840882695,-0.0576364692218351,0.5106,0.028,0.927,0.045,1,0.5703646479551306,0.4296353520448693,0.42857142857142855,0.5714285714285714,0.5371726059894295,0.4628273940105705,0.5141518282345707,0.4858481717654292,0.5873015873015873,0.4126984126984127
124,100.662056229948,99.5202758510188,100.727035140478,9393700,99.9565658569336,0.349231678486998,-0.0364657210401891,-0.9864,0.193,0.746,0.06,1,0.4576230788216636,0.5423769211783359,0.6428571428571429,0.35714285714285715,0.5196783961622653,0.48032160383773465,0.5023305911456721,0.49766940885432787,0.3157894736842105,0.6842105263157895
125,97.3017001913167,96.8561254645168,98.7498056596185,13365600,97.6544418334961,0.426736111111111,-0.0725694444444445,0.836,0.028,0.812,0.16,1,0.4526032158106512,0.5473967841893487,0.35714285714285715,0.6428571428571429,0.44905791239675064,0.5509420876032494,0.4813472916062552,0.5186527083937448,0.5463917525773195,0.4536082474226804
126,100.597056807543,100.188613977685,101.4324977491,9343400,100.921951293945,0.476836756623991,-0.018230941635197,0.9468,0.044,0.864,0.093,1,0.5148688681391815,0.4851311318608182,0.7142857142857143,0.2857142857142857,0.5239163482996911,0.47608365170030886,0.5052855748663383,0.49471442513366165,0.5170940170940171,0.4829059829059829
127,97.5430463338205,97.5059145191204,99.5202676619577,10585500,99.1396789550781,0.491764281470164,-0.0228390346037405,0.1779,0.067,0.865,0.069,1,0.5425131242406162,0.45748687575938385,0.5,0.5,0.5190768407306845,0.48092315926931545,0.5051593772264862,0.49484062277351376,0.5170940170940171,0.4829059829059829
128,97.5209977828124,96.7743766876956,97.8067375782027,9933700,97.0693359375,0.448580705009276,0.174511440940012,0.9869,0.071,0.796,0.132,0,0.4670389187434229,0.5329610812565767,0.2857142857142857,0.7142857142857143,0.4964092445653929,0.5035907554346071,0.4950129349031108,0.5049870650968892,0.24528301886792453,0.7547169811320755
129,96.8849911426536,96.7006442446754,97.3827362060547,8056300,97.3827362060547,0.431275252525253,0.0918223905723906,0.9601,0.075,0.794,0.132,1,0.4667198545733589,0.5332801454266416,0.21428571428571427,0.7857142857142857,0.5023807877150022,0.4976192122849978,0.4950960467812767,0.5049039532187233,0.24528301886792453,0.7547169811320755
130,96.9034032913075,96.2950530259245,97.4472384846776,10882300,97.0969696044922,0.430159550619261,0.16008508192909,0.9999,0.089,0.704,0.207,1,0.3870223935603259,0.612977606439674,0.35714285714285715,0.6428571428571429,0.4400280035081333,0.5599719964918667,0.4725090451828361,0.5274909548171639,0.46551724137931033,0.5344827586206896
131,97.4380224046877,97.299758738375,98.378209709708,11183800,97.9173355102539,0.35419002050581,0.121444140654667,0.9888,0.018,0.87,0.112,1,0.49744927991251486,0.5025507200874852,0.5,0.5,0.49512871071968134,0.5048712892803187,0.4978716614655373,0.5021283385344627,0.5463917525773195,0.4536082474226804
132,100.876152985137,100.35996906924,103.097563100875,25834100,102.50764465332,0.32783769902414,0.038308936825886,0.6486,0.068,0.842,0.089,1,0.5163613604227819,0.48363863957721764,0.6428571428571429,0.35714285714285715,0.5180150857951371,0.4819849142048629,0.5044355941299014,0.49556440587009865,0.5170940170940171,0.4829059829059829
133,102.240330363679,100.581187470842,102.314071923107,15163800,101.337020874023,0.332766106442577,0.0416115991851286,0.9703,0.096,0.765,0.139,0,0.44929820151875466,0.5507017984812451,0.2857142857142857,0.7142857142857143,0.5025581796189387,0.4974418203810614,0.4943516249089013,0.5056483750910987,0.24528301886792453,0.7547169811320755
134,102.959298633561,102.323296987667,105.687680222968,17791900,105.355850219727,0.43545494431858,0.186805046449933,0.9999,0.025,0.769,0.206,1,0.4068229461666466,0.5931770538333536,0.35714285714285715,0.6428571428571429,0.41470733917812175,0.5852926608218783,0.4684598469778275,0.5315401530221725,0.34375,0.65625
135,105.567851702546,104.461756345646,105.954984374223,12501900,104.581581115723,0.46947601010101,0.103724747474747,0.9393,0.028,0.868,0.104,0,0.5057451739730959,0.4942548260269039,0.5,0.5,0.5041974901623014,0.49580250983769864,0.5005117902698649,0.4994882097301351,0.64,0.36
136,103.844193572331,103.659839645468,104.77515453155,9575800,103.79810333252,0.53156462585034,0.253486394557823,0.9959,0.039,0.72,0.242,0,0.37275940684956066,0.6272405931504393,0.5,0.5,0.39161639252258607,0.6083836074774139,0.457979724019404,0.542020275980596,0.5463917525773195,0.4536082474226804
137,101.963821316844,101.936162954719,103.392527268423,9672700,102.599822998047,0.369888888888889,0.107333333333333,0.9674,0.018,0.854,0.129,1,0.4815087743760015,0.5184912256239986,0.6428571428571429,0.35714285714285715,0.48159001711620086,0.5184099828837991,0.4922413476837858,0.5077586523162142,0.5463917525773195,0.4536082474226804
138,102.719653460103,102.51686766814,103.162088794946,7967900,102.986961364746,0.49232983328728,0.0164110711983052,0.9812,0.039,0.834,0.127,1,0.4810103281676356,0.5189896718323649,0.35714285714285715,0.6428571428571429,0.49004022258549007,0.5099597774145099,0.4944192653213928,0.5055807346786072,0.5463917525773195,0.4536082474226804
139,100.147964277563,98.2030746062934,100.636489800534,10367800,98.6823806762695,0.491156243283903,-0.0158204384268214,0.9559,0.057,0.832,0.11,1,0.4940319274852783,0.5059680725147214,0.7142857142857143,0.2857142857142857,0.5089224409930548,0.49107755900694516,0.5007131333480579,0.4992868666519421,0.7368421052631579,0.2631578947368421
140,99.4105678253441,98.746907823511,101.300154939876,12858600,101.152671813965,0.621666666666667,0.206666666666667,0.9274,0.0,0.794,0.206,0,0.40820381338362055,0.5917961866163794,0.35714285714285715,0.6428571428571429,0.40131515558462916,0.5986848444153708,0.4658745328736841,0.5341254671263159,0.32786885245901637,0.6721311475409836
141,101.530605000304,100.406070635136,102.194265086788,8726700,101.733390808105,0.5032722179781,0.0128830320006791,0.9666,0.038,0.856,0.106,1,0.5021934329953825,0.4978065670046175,0.7857142857142857,0.21428571428571427,0.5078596624190522,0.4921403375809478,0.5008899042253339,0.4991100957746661,0.64,0.36
142,101.115795191216,100.433703354238,101.410754393615,10618900,100.618057250977,0.26875,0.14375,-0.6486,0.139,0.821,0.039,0,0.5344348539929922,0.4655651460070077,0.35714285714285715,0.6428571428571429,0.5318396095770328,0.46816039042296725,0.5094687975489316,0.49053120245106835,0.5873015873015873,0.4126984126984127
143,102.037544764287,100.369182415599,102.221898663169,9670500,100.719444274902,0.521936396936397,0.0241737429237429,0.9682,0.038,0.856,0.106,0,0.5021661880709147,0.4978338119290851,0.7857142857142857,0.21428571428571427,0.5079347622262784,0.4920652377737215,0.5009094198759715,0.4990905801240285,0.64,0.36
144,100.4797986651,100.452147337287,102.6919963111,11057300,102.046768188477,0.490264659582841,-0.0141934769775679,0.9904,0.02,0.84,0.14,1,0.4699691873173671,0.5300308126826329,0.5,0.5,0.4708398815842524,0.5291601184157476,0.4890732931989731,0.5109267068010269,0.5463917525773195,0.4536082474226804
145,101.56747105378,100.553542062017,102.93165491698,27089500,100.876159667969,0.588888888888889,0.280555555555556,0.9766,0.023,0.74,0.236,0,0.37979329523442185,0.620206704765578,0.6428571428571429,0.35714285714285715,0.38425694048699,0.61574305951301,0.45842855702918117,0.5415714429708188,0.5463917525773195,0.4536082474226804
146,100.175628401844,99.2446604371772,100.452155767946,18660100,99.3276214599609,0.38078431372549,-0.0219607843137255,-0.9403,0.126,0.83,0.044,1,0.5382965408730589,0.4617034591269412,0.5,0.5,0.5110197286348714,0.48898027136512856,0.5034902016925553,0.4965097983074447,0.5873015873015873,0.4126984126984127
147,99.8253569753016,99.696312758735,100.756317818764,10324600,99.9912719726562,0.514329725829726,0.0040454545454545,0.9648,0.044,0.848,0.108,1,0.4992434310343746,0.500756568965625,0.7142857142857143,0.2857142857142857,0.5084826339885532,0.4915173660114468,0.5006391238376127,0.4993608761623874,1.0,0.0
148,104.3695864077,104.231322725351,105.558635791704,12724500,104.784370422363,0.523203791158336,0.206800964187328,0.9796,0.073,0.803,0.124,1,0.47474787582892797,0.5252521241710723,0.2857142857142857,0.7142857142857143,0.5068905485230402,0.4931094514769599,0.4976877747717062,0.5023122252282938,0.24528301886792453,0.7547169811320755
149,105.238448092855,105.006379543981,106.157437563387,11595200,105.916084289551,0.50124348440675,0.0020871985157699,0.9872,0.013,0.869,0.118,1,0.4915644223115269,0.5084355776884733,0.5,0.5,0.4875571012588156,0.5124428987411844,0.4955905363212081,0.5044094636787919,0.0,1.0
150,106.222400063568,105.572611059975,106.695821813139,13120900,105.813957214355,0.310222222222222,0.0717222222222222,0.4359,0.113,0.775,0.112,0,0.47364683031949767,0.5263531696805023,0.5,0.5,0.5089118659852813,0.49108813401471874,0.4976341666084556,0.5023658333915444,0.24528301886792453,0.7547169811320755
151,105.75826957171,105.405527959704,106.816501489897,9397200,106.445190429688,0.408333333333333,0.05,0.9217,0.0,0.866,0.134,1,0.4762897144212012,0.5237102855787982,0.2857142857142857,0.7142857142857143,0.46468065182401497,0.535319348175985,0.48878497924014785,0.5112150207598521,0.32786885245901637,0.6721311475409836
152,102.156558654189,100.569203848919,102.574279129996,10203500,102.509300231934,0.33543771043771,0.0978535353535353,0.9468,0.013,0.872,0.116,1,0.4945770426459194,0.5054229573540805,0.42857142857142855,0.5714285714285714,0.4902396756804934,0.5097603243195066,0.49580553218714263,0.5041944678128574,0.0,1.0
153,101.506770971414,100.522802696043,102.527871060482,9980800,101.868797302246,0.556462585034014,0.1875,0.7579,0.116,0.72,0.164,1,0.4158567467540833,0.5841432532459168,0.6428571428571429,0.35714285714285715,0.4784364179149557,0.5215635820850443,0.4851378677728567,0.5148621322271433,0.46551724137931033,0.5344827586206896
154,100.597056807543,100.188613977685,101.4324977491,9343400,100.921951293945,0.41171059332824,0.070211038961039,-0.928,0.08,0.879,0.041,1,0.566942413901607,0.43305758609839307,0.5714285714285714,0.42857142857142855,0.49505905707415565,0.5049409429258443,0.5014494488065255,0.4985505511934744,0.5873015873015873,0.4126984126984127
155,45.9770829393579,45.4052051409768,46.4218740892877,40310200,46.3764877319336,0.360965423465423,0.0510780885780886,0.9741,0.072,0.765,0.164,1,0.43625141494096015,0.5637485850590395,0.35714285714285715,0.6428571428571429,0.4729710402102618,0.5270289597897382,0.4848297439020006,0.5151702560979994,0.24528301886792453,0.7547169811320755
156,41.9557959678905,41.8650197776011,42.9452339341202,29443300,42.309814453125,0.515016011385874,0.239910454841962,0.9977,0.037,0.753,0.209,1,0.40216381490606773,0.5978361850939322,0.42857142857142855,0.5714285714285714,0.41415884547706605,0.585841154522934,0.46822814462444706,0.5317718553755529,0.34375,0.65625
157,41.3839225029937,40.7848134342094,42.237198006184,55577900,40.9572830200195,0.364267676767677,0.103030303030303,0.9022,0.043,0.83,0.127,0,0.4816409686631794,0.5183590313368204,0.42857142857142855,0.5714285714285714,0.4880055927605099,0.5119944072394901,0.4937297275679249,0.5062702724320751,0.5463917525773195,0.4536082474226804
158,41.7379286609052,41.3657550081728,42.1917991380304,16544500,41.8287048339844,0.446875,0.015625,-0.8126,0.13,0.789,0.081,1,0.4975888618008969,0.5024111381991031,0.2857142857142857,0.7142857142857143,0.4853500663736282,0.5146499336263718,0.49348668727626155,0.5065133127237385,0.3157894736842105,0.6842105263157895
159,43.4807981079619,42.5912088229817,43.7168092596711,19702900,43.1540107727051,0.509847070141188,0.0039038847862377,0.9678,0.048,0.837,0.115,0,0.49143020485387806,0.5085697951461217,0.6428571428571429,0.35714285714285715,0.5039891741261486,0.4960108258738514,0.49871052568889473,0.5012894743111053,0.5463917525773195,0.4536082474226804
160,43.1176997479344,42.9452301955353,43.6169566314116,16208400,43.3446350097656,0.504857142857143,0.193492063492063,0.953,0.105,0.712,0.182,1,0.4021377404043653,0.5978622595956345,0.35714285714285715,0.6428571428571429,0.4640433764423204,0.5359566235576796,0.4809432150614674,0.5190567849385326,0.46551724137931033,0.5344827586206896
161,43.2084730208142,42.6729056575246,43.7985060942332,27447600,43.2720146179199,0.0,0.0,0.2732,0.0,0.949,0.051,1,0.5658045423130129,0.4341954576869872,0.5,0.5,0.5089738907664383,0.49102610923356166,0.5074224753157199,0.4925775246842801,0.5873015873015873,0.4126984126984127
162,43.7077338366961,43.5624954042354,44.7879444617004,32026400,44.4248466491699,0.384969746614242,0.114424626342058,1.0,0.036,0.809,0.155,1,0.45378724136242743,0.546212758637573,0.5714285714285714,0.42857142857142855,0.4644927902807685,0.5355072097192315,0.4854903650801219,0.5145096349198781,0.34375,0.65625
163,45.4321130146201,44.8367345794966,45.5695099195746,15848200,44.9008522033691,0.495403119339289,-0.023068834239047,0.9468,0.051,0.847,0.102,0,0.5040697870997555,0.4959302129002441,0.7857142857142857,0.21428571428571427,0.5159685204277282,0.4840314795722717,0.502818230279257,0.49718176972074307,1.0,0.0
164,45.7801760798424,45.5511836003549,45.917572965194,17786600,45.6977386474609,0.340151515151515,0.0628787878787879,0.4939,0.045,0.839,0.116,0,0.4977925274949766,0.5022074725050232,0.5,0.5,0.4795951996068045,0.5204048003931955,0.49240545308888284,0.5075945469111172,0.5463917525773195,0.4536082474226804
165,45.8626167422767,45.7343815037959,46.5221162477758,20160700,46.1190872192383,0.557792207792208,0.06131253006253,0.891,0.051,0.847,0.102,1,0.504987792125178,0.4950122078748218,0.5,0.5,0.5133510191519173,0.4866489808480827,0.502137636580977,0.497862363419023,1.0,0.0
166,46.0000087189079,45.7984942261853,46.5312694349748,46117300,46.4030342102051,0.557257878997009,0.129586496434323,0.9816,0.087,0.773,0.14,1,0.45272512377755686,0.5472748762224435,0.2857142857142857,0.7142857142857143,0.49842246172779947,0.5015775382722005,0.4935532977604564,0.5064467022395436,0.24528301886792453,0.7547169811320755
167,44.8275729724619,44.3787496048516,45.0565654848768,16912000,44.6718597412109,0.368260512097721,0.0626857025403537,0.973,0.077,0.791,0.133,0,0.46469264144280303,0.5353073585571968,0.21428571428571427,0.7857142857142857,0.5029218978312456,0.49707810216875437,0.49507049338191267,0.5049295066180873,0.24528301886792453,0.7547169811320755
168,45.6153093740079,43.7833692104402,45.6153093740079,53590800,44.2596740722656,0.436138528138528,0.105774891774892,0.9906,0.047,0.821,0.132,0,0.47443094130035085,0.5255690586996496,0.5,0.5,0.48932257821626257,0.5106774217837374,0.493482574142144,0.506517425857856,0.5463917525773195,0.4536082474226804
169,44.8367351176877,44.7726174930455,45.5053928419193,19260100,45.0382461547852,0.462659215784216,0.19471466033966,-0.6842,0.137,0.726,0.136,1,0.43600224349783123,0.5639977565021687,0.2857142857142857,0.7142857142857143,0.4422175824931228,0.5577824175068772,0.4778849869552968,0.5221150130447032,0.46551724137931033,0.5344827586206896
170,44.5894160080027,43.9848760002586,44.6077358257099,22903500,44.0947914123535,0.402004897459443,0.0428699877563514,0.9792,0.061,0.822,0.117,0,0.4858723267316692,0.5141276732683309,0.42857142857142855,0.5714285714285714,0.5081597881619861,0.4918402118380138,0.49910016634974397,0.500899833650256,0.5463917525773195,0.4536082474226804
171,42.1905091194399,42.0980280446237,42.8748810680314,18416300,42.8471374511719,0.535383998717332,0.0236836620169953,0.9638,0.052,0.837,0.111,1,0.4945657938964906,0.5054342061035095,0.7142857142857143,0.2857142857142857,0.5090786295044729,0.49092137049552703,0.5002151997367972,0.4997848002632029,0.7368421052631579,0.2631578947368421
172,42.2552363542598,41.5061306568754,42.403208154922,13775900,41.6633491516113,0.479107503607503,0.0156010101010101,0.9735,0.039,0.848,0.113,0,0.4949798990882676,0.5050201009117324,0.7142857142857143,0.2857142857142857,0.5022941827064946,0.4977058172935054,0.49880341040839615,0.5011965895916038,0.5463917525773195,0.4536082474226804
173,40.9142451056249,40.8772512719847,41.7188415837052,20172500,41.1731948852539,0.3,0.0222222222222222,0.4767,0.122,0.715,0.163,1,0.4162040529889017,0.5837959470110984,0.5714285714285714,0.42857142857142855,0.4686732834731804,0.5313267165268196,0.4824416332213075,0.5175583667786925,0.46551724137931033,0.5344827586206896
174,42.3014799120207,42.0332799239909,42.7176481710503,16020500,42.467945098877,0.46961637653127,0.103828175370729,0.9921,0.033,0.809,0.158,1,0.4514366701055124,0.548563329894488,0.5714285714285714,0.42857142857142855,0.4601878574620042,0.5398121425379958,0.48423006383134415,0.5157699361686559,0.5463917525773195,0.4536082474226804
175,42.4494559044583,42.1257651368822,42.6899087784943,14979900,42.1997528076172,0.511317658376482,0.0133810089692443,0.9829,0.037,0.838,0.126,0,0.4826449226855294,0.5173550773144704,0.5,0.5,0.49296194823681616,0.5070380517631838,0.49469089714074554,0.5053091028592545,0.5463917525773195,0.4536082474226804
176,41.9038080885633,41.4691393541381,42.3477235176263,16147500,42.1627578735352,0.475671609714163,-0.0245379325166559,0.984,0.02,0.864,0.116,1,0.4935571184328455,0.5064428815671547,0.5,0.5,0.49213573125385457,0.5078642687461454,0.49667061494926534,0.5033293850507347,0.5463917525773195,0.4536082474226804
177,42.1535105803346,41.746585463527,42.560432169216,13420400,41.866813659668,0.621666666666667,0.206666666666667,0.9501,0.0,0.746,0.254,0,0.36513698593885935,0.6348630140611408,0.6428571428571429,0.35714285714285715,0.36152398354570825,0.6384760164542918,0.4509028447049892,0.5490971552950108,0.32786885245901637,0.6721311475409836
178,42.4032139185886,41.8390737773325,42.5326923487026,19205200,42.4124641418457,0.469643240919837,-0.0443960885450247,0.9885,0.025,0.839,0.135,1,0.47424411138953215,0.5257558886104675,0.5714285714285714,0.42857142857142855,0.47455899917257127,0.5254410008274287,0.4909231811337247,0.5090768188662753,0.5463917525773195,0.4536082474226804
179,43.2910439142094,43.2817936919046,44.1141373030268,31030900,43.7627029418945,0.520559884559884,0.0311129148629149,0.9888,0.019,0.849,0.133,1,0.47721583039671406,0.522784169603286,0.42857142857142855,0.5714285714285714,0.479411589905838,0.520588410094162,0.49129160410663764,0.5087083958933624,0.5463917525773195,0.4536082474226804
180,44.4840691175263,44.0863941923122,44.5673034862439,10801600,44.1788787841797,0.405,0.0583333333333334,-0.8316,0.167,0.739,0.094,0,0.45148728781672887,0.5485127121832707,0.35714285714285715,0.6428571428571429,0.48821903969097113,0.5117809603090289,0.49163100686697125,0.5083689931330287,0.3157894736842105,0.6842105263157895
181,43.744207877555,43.6609735129183,44.2898545950791,12595000,44.2343673706055,0.495930883175781,0.007209485525812,0.9829,0.032,0.849,0.119,1,0.4898054064934519,0.5101945935065478,0.5,0.5,0.49440016580898083,0.5055998341910192,0.4965194314447261,0.5034805685552739,0.5463917525773195,0.4536082474226804
182,42.1230550524272,41.7396082097769,42.1230550524272,13345800,41.7863693237305,0.515165453233635,-0.0416871638462548,0.9643,0.02,0.894,0.085,0,0.5241753055234842,0.4758246944765158,0.6428571428571429,0.35714285714285715,0.516363296991684,0.483636703008316,0.5062781435551744,0.49372185644482564,0.5170940170940171,0.4829059829059829
183,42.3007502906654,41.5525617365616,42.3942760897062,15038200,41.8518371582031,0.521067821067821,0.0009819624819624,0.9493,0.045,0.856,0.099,0,0.5082851441415468,0.49171485585845304,0.7857142857142857,0.21428571428571427,0.5162791235062585,0.4837208764937415,0.5033974050802916,0.49660259491970843,0.5170940170940171,0.4829059829059829
