,Open,Low,High,Volume,Close,Subjectivity,Polarity,Compound,Negative,Neutral,Positive,Label,Nedgang,Oppgang
0,56.150002,55.529999,56.84,89893300,55.91,0.447930657930658,0.1671389571389571,0.9844,0.018,0.877,0.105,0,0.6206486374870442,0.37935136251296286
1,56.150002,55.529999,56.84,89893300,55.91,0.3989843489843491,0.068981018981019,0.9664,0.01,0.883,0.107,0,0.6206486376920198,0.379351362307979
2,56.150002,55.529999,56.84,89893300,55.91,0.5551215277777777,0.078125,0.9477,0.032,0.851,0.117,0,0.6206486362113799,0.379351363788624
3,56.150002,55.529999,56.84,89893300,55.91,0.4546536796536797,0.1268623737373737,0.9897,0.023,0.837,0.14,0,0.6206486375975405,0.3793513624024655
4,56.150002,55.529999,56.84,89893300,55.91,0.3458792470156106,0.0742825987144168,0.9872,0.0,0.804,0.196,0,0.6206486385664117,0.37935136143359005
5,56.150002,55.529999,56.84,89893300,55.91,0.3816494616494617,0.053552836052836,0.9862,0.063,0.767,0.17,0,0.6206486383082255,0.3793513616917768
6,56.150002,55.529999,56.84,89893300,55.91,0.4230914407230197,0.0046929824561403,0.128,0.077,0.845,0.078,0,0.6206486266956003,0.3793513733044
7,55.98,55.759998,56.23,32776700,55.799999,0.5153521825396825,0.1537060335497835,0.9874,0.007,0.908,0.085,0,0.47706232622832934,0.5229376737716674
8,55.98,55.759998,56.23,32776700,55.799999,0.4604705040721988,0.1478087167070217,0.9959,0.049,0.776,0.175,0,0.4770623270915652,0.5229376729084296
9,55.98,55.759998,56.23,32776700,55.799999,0.4226452991452992,0.0758162393162393,0.9844,0.035,0.856,0.108,0,0.4770623271293607,0.5229376728706335
10,55.98,55.759998,56.23,32776700,55.799999,0.3621693121693121,0.0503848003848003,0.9753,0.024,0.848,0.127,0,0.47706232756877165,0.5229376724312228
11,55.98,55.759998,56.23,32776700,55.799999,0.4739848721406098,0.0874976344238639,0.9831,0.045,0.845,0.11,0,0.4770623266764519,0.5229376733235546
12,55.98,55.759998,56.23,32776700,55.799999,0.3941252587991719,0.119629917184265,0.9378,0.018,0.907,0.075,0,0.4770623266180536,0.5229376733819504
13,55.98,55.759998,56.23,32776700,55.799999,0.4819893285009562,0.158129467431793,0.9928,0.027,0.83,0.143,0,0.47706232675102594,0.5229376732489806
14,55.98,55.759998,56.23,32776700,55.799999,0.3232017543859649,0.019182615629984,0.9641,0.061,0.832,0.107,0,0.47706232778370095,0.5229376722162995
15,56.080002,55.779999,56.630001,32157200,56.57,0.3853647538098756,0.0522513902087072,0.9959,0.032,0.784,0.184,1,0.47639269859948663,0.5236073014005066
16,56.080002,55.779999,56.630001,32157200,56.57,0.3853647538098756,0.0522513902087072,0.9959,0.032,0.784,0.184,1,0.47639269859948663,0.5236073014005066
17,56.080002,55.779999,56.630001,32157200,56.57,0.5198412698412699,0.0301587301587301,0.296,0.0,0.937,0.062,1,0.47639268750694824,0.5236073124930467
18,56.52,56.509998,57.290001,28079000,56.759998,0.3222222222222222,0.0416666666666666,-0.8741,0.096,0.904,0.0,1,0.4724745751291507,0.5275254248708501
19,56.610001,56.110001,56.799999,32327500,56.189999,0.4866573194632895,0.1280950550278908,0.9991,0.006,0.756,0.238,0,0.4765746092529138,0.5234253907470932
20,56.610001,56.110001,56.799999,32327500,56.189999,0.5670626721763086,0.1366907713498622,0.9803,0.011,0.853,0.136,0,0.47657460807254265,0.5234253919274507
21,56.610001,56.110001,56.799999,32327500,56.189999,0.5583333333333333,0.0611111111111111,0.296,0.0,0.937,0.062,0,0.47657459860857193,0.5234254013914216
22,56.610001,56.110001,56.799999,32327500,56.189999,0.5527550348202522,0.0597630026977853,0.9974,0.042,0.782,0.176,0,0.47657460860457923,0.5234253913954173
23,56.0,55.720001,56.369999,37550400,56.209999,0.392040945165945,0.0400297619047619,0.9919,0.025,0.833,0.141,1,0.48288023262075336,0.5171197673792499
24,56.0,55.720001,56.369999,37550400,56.209999,0.4338001224364859,0.1584481175390266,0.9806,0.051,0.845,0.104,1,0.48288023200488994,0.5171197679951088
25,56.0,55.720001,56.369999,37550400,56.209999,0.392040945165945,0.0400297619047619,0.9919,0.025,0.833,0.141,1,0.48288023262075336,0.5171197673792499
26,56.0,55.720001,56.369999,37550400,56.209999,0.4884847060833903,0.1182727177792966,0.9965,0.066,0.771,0.163,1,0.4828802319166771,0.5171197680833228
27,56.0,55.720001,56.369999,37550400,56.209999,0.3971717171717172,0.0257070707070707,0.5423,0.092,0.815,0.093,1,0.48288022640267936,0.5171197735973201
28,56.259998,56.049999,56.759998,30558700,56.68,0.4461528843631115,0.0264313180506362,0.9783,0.069,0.818,0.113,1,0.47475570402737416,0.5252442959726283
29,56.259998,56.049999,56.759998,30558700,56.68,0.3898489898989897,0.0767116161616161,0.9991,0.029,0.805,0.166,1,0.4747557048342506,0.5252442951657514
30,56.599998,56.139999,56.75,26003400,56.580002,0.4115159065740461,0.1290700820497332,0.5374,0.061,0.874,0.064,0,0.4708070717571579,0.5291929282428479
31,56.599998,56.139999,56.75,26003400,56.580002,0.4575909090909091,0.093810606060606,0.9966,0.022,0.793,0.184,0,0.47080707786941595,0.5291929221305869
32,56.849998,56.310001,56.900002,35122000,56.580002,0.4714139086719731,0.1310002094679514,0.9622,0.056,0.837,0.107,0,0.47977444536268116,0.5202255546373222
33,56.799999,56.669998,57.52,26587700,57.389999,0.4154631420588867,0.1692725123576187,0.9905,0.021,0.841,0.139,1,0.47125397240957967,0.5287460275904173
34,57.650002,57.450001,58.209999,29335200,57.959999,0.5363636363636364,0.0318181818181818,0.0,0.0,1.0,0.0,1,0.4735901837184012,0.5264098162815999
35,57.650002,57.450001,58.209999,29335200,57.959999,0.3793478260869566,0.1228260869565217,0.9881,0.011,0.823,0.166,1,0.47359019898933613,0.5264098010106628
36,57.650002,57.450001,58.209999,29335200,57.959999,0.4416560215740543,0.1716263927329501,0.9979,0.015,0.789,0.195,1,0.47359019862836604,0.5264098013716382
37,58.029999,58.029999,58.450001,18162300,58.299999,0.4095926800472254,0.1526793913157549,0.9734,0.055,0.841,0.104,1,0.4664870206422198,0.5335129793577754
38,58.029999,57.619999,58.189999,21655200,57.939999,0.5583333333333333,0.0611111111111111,0.296,0.0,0.937,0.062,0,0.4680244606207096,0.5319755393792944
39,58.029999,57.619999,58.189999,21655200,57.939999,0.5745791245791247,0.2279461279461279,0.9922,0.008,0.794,0.197,0,0.4680244702524552,0.5319755297475456
40,58.029999,57.619999,58.189999,21655200,57.939999,0.4383470695970695,0.0574748168498168,0.9905,0.015,0.856,0.129,0,0.46802447135660563,0.531975528643395
41,58.009998,57.959999,58.5,19283900,58.119999,0.215,0.0713636363636363,0.9738,0.013,0.887,0.099,1,0.4669130059554857,0.5330869940445178
42,57.610001,57.27,57.619999,20523500,57.439999,0.5081134291240674,0.0622035322833195,0.9963,0.042,0.819,0.139,0,0.46745869292986447,0.5325413070701421
43,57.540001,57.23,57.68,18856400,57.560001,0.4837350780532598,0.0777089072543618,0.946,0.01,0.94,0.05,1,0.466743546709618,0.5332564532903866
44,57.540001,57.23,57.68,18856400,57.560001,0.5583333333333333,0.0611111111111111,0.296,0.0,0.937,0.062,1,0.4667435371726973,0.5332564628272995
45,57.540001,57.23,57.68,18856400,57.560001,0.3644119769119768,0.0718434343434343,0.8934,0.0,0.931,0.069,1,0.46674354705788107,0.5332564529421231
46,57.419998,57.27,57.700001,14214300,57.599998,0.4132746639325586,0.1090481886534518,0.7263,0.085,0.812,0.103,1,0.4654968114196313,0.5345031885803694
47,57.419998,57.27,57.700001,14214300,57.599998,0.4755658861340678,0.0698788206742752,0.8934,0.038,0.896,0.066,1,0.4654968130275721,0.5345031869724257
48,57.43,57.200001,57.73,17271000,57.619999,0.5700000000000001,-0.0266666666666666,0.296,0.0,0.937,0.062,1,0.4661945773911974,0.5338054226088046
49,57.43,57.200001,57.73,17271000,57.619999,0.4011233300749429,0.0819167481264255,0.9955,0.006,0.879,0.115,1,0.46619458852061413,0.5338054114793889
50,57.599998,57.259998,57.75,15221900,57.669998,0.4860446570972886,0.1073631047315257,0.9927,0.03,0.829,0.141,1,0.46567433157757476,0.5343256684224299
51,57.900002,57.849998,58.18,18732400,57.889999,0.2811274509803921,0.0514705882352941,0.9911,0.015,0.837,0.148,0,0.4666956785799607,0.5333043214200353
52,57.900002,57.849998,58.18,18732400,57.889999,0.4239005703291417,0.0468357039785611,0.9899,0.029,0.856,0.115,0,0.4666956772706493,0.5333043227293484
53,57.799999,57.720001,58.040001,18151500,57.950001,0.4333564814814813,0.1122941468253968,0.9982,0.031,0.818,0.151,1,0.46648344124539814,0.5335165587546041
54,57.799999,57.720001,58.040001,18151500,57.950001,0.5231481481481483,-0.0481481481481481,0.296,0.0,0.937,0.062,1,0.466483430673019,0.5335165693269804
55,57.880001,57.779999,58.290001,18552600,58.169998,0.3616913746630728,0.0599842767295597,0.9531,0.04,0.87,0.09,1,0.4666281172976692,0.5333718827023329
56,58.279999,57.689999,58.700001,20971200,58.029999,0.5700000000000001,-0.0266666666666666,0.296,0.0,0.937,0.062,0,0.46767436176052746,0.5323256382394789
57,58.18,58.099998,58.599998,16417200,58.099998,0.3912022965214454,0.1301249577845322,0.9879,0.018,0.873,0.109,0,0.4659513581633691,0.5340486418366329
58,57.98,57.610001,58.189999,16930200,57.889999,0.5700000000000001,-0.0266666666666666,0.296,0.0,0.937,0.062,0,0.4660929805942434,0.5339070194057611
59,57.650002,57.299999,57.799999,20860300,57.459999,0.5231481481481483,-0.0481481481481481,0.296,0.0,0.937,0.062,0,0.46762027218975355,0.5323797278102503
60,57.669998,57.419998,58.189999,18900500,57.669998,0.5107632093933462,0.1948793215916503,0.9963,0.071,0.742,0.187,0,0.46676044626753255,0.5332395537324611
61,57.669998,57.419998,58.189999,18900500,57.669998,0.5231481481481483,-0.0481481481481481,0.296,0.0,0.937,0.062,0,0.4667604362909056,0.5332395637090989
62,57.779999,57.209999,57.799999,16278400,57.610001,0.4259736440030556,0.1479192768016297,0.988,0.06,0.821,0.118,0,0.4659158856125288,0.5340841143874665
63,57.470001,57.41,57.84,17493400,57.66,0.5277777777777778,0.0833333333333333,0.5267,0.0,0.885,0.115,1,0.46626379583240546,0.5337362041675991
64,56.790001,56.209999,57.52,35113900,56.209999,0.5231481481481483,-0.0481481481481481,0.296,0.0,0.937,0.062,0,0.47976444540353297,0.5202355545964671
65,56.790001,56.209999,57.52,35113900,56.209999,0.5837037037037036,0.2922222222222222,0.926,0.0,0.744,0.256,0,0.4797644537978903,0.5202355462021093
66,56.790001,56.209999,57.52,35113900,56.209999,0.5014646464646465,0.0884552669552669,0.25,0.073,0.841,0.086,0,0.47976444506631466,0.5202355549336837
67,56.790001,56.209999,57.52,35113900,56.209999,0.4952844774273345,0.0429447536590393,0.9773,0.01,0.84,0.15,0,0.479764455173585,0.520235544826414
68,56.5,56.049999,56.650002,30130200,56.529999,0.463077131862846,0.105361334432763,0.975,0.061,0.839,0.1,1,0.47433912676643347,0.5256608732335633
69,56.5,56.049999,56.650002,30130200,56.529999,0.5700000000000001,-0.0266666666666666,0.296,0.0,0.937,0.062,1,0.47433911639401494,0.525660883605978
70,56.389999,56.029999,56.630001,24062500,56.259998,0.5700000000000001,-0.0266666666666666,0.296,0.0,0.937,0.062,0,0.4694464347146622,0.5305535652853445
71,57.630001,56.75,57.630001,44607000,57.25,0.5933333333333333,0.2275,0.5267,0.0,0.891,0.109,0,0.4936179934789211,0.5063820065210763
72,57.630001,56.75,57.630001,44607000,57.25,0.5231481481481483,-0.0481481481481481,0.296,0.0,0.937,0.062,0,0.4936179909437052,0.5063820090562986
73,57.630001,56.75,57.630001,44607000,57.25,0.4744616044616044,0.0545670995670995,0.987,0.008,0.854,0.137,0,0.49361800100823455,0.5063819989917604
74,57.349998,56.75,57.349998,17384000,56.810001,0.5700000000000001,-0.0266666666666666,0.296,0.0,0.937,0.062,0,0.4662297004462418,0.533770299553753
75,57.919998,57.630001,58.0,19822200,57.82,0.3324960127591707,0.0358452950558213,0.9442,0.025,0.845,0.13,0,0.4671404005423896,0.5328595994576144
76,57.919998,57.630001,58.0,19822200,57.82,0.4513423813423815,0.2012667212667212,0.9906,0.022,0.838,0.14,0,0.46714040008322694,0.5328595999167739
77,57.080002,56.830002,57.139999,21688700,56.900002,0.4932065011012378,0.1038208684590263,-0.9269,0.128,0.777,0.096,0,0.46804276693418195,0.5319572330658158
78,56.93,56.68,58.060001,28065100,57.950001,0.4882840307840307,0.1194187409812409,0.9929,0.057,0.792,0.151,1,0.47246240995848515,0.527537590041508
79,56.93,56.68,58.060001,28065100,57.950001,0.3866596638655462,0.119047619047619,0.8885,0.04,0.877,0.083,1,0.47246240923789495,0.5275375907621115
80,57.880001,57.669998,58.060001,20536400,58.029999,0.5917361111111111,0.0718055555555555,0.8779,0.014,0.88,0.106,1,0.46746452954895623,0.5325354704510374
81,57.880001,57.669998,58.060001,20536400,58.029999,0.5231481481481483,-0.0481481481481481,0.296,0.0,0.937,0.062,1,0.46746452211075007,0.5325354778892537
82,57.880001,57.669998,58.060001,20536400,58.029999,0.6016409266409266,0.1784427284427284,0.9923,0.008,0.843,0.149,1,0.4674645310660475,0.5325354689339541
83,57.810001,57.209999,58.169998,25463500,57.400002,0.5231481481481483,-0.0481481481481481,0.296,0.0,0.937,0.062,0,0.4704085070686353,0.5295914929313593
84,57.27,56.970001,57.599998,20085900,57.240002,0.5064491519409551,0.1516582688713836,0.9945,0.047,0.815,0.138,0,0.46725739931428295,0.5327426006857215
85,57.290001,57.259998,57.959999,16726400,57.639999,0.5231481481481483,-0.0481481481481481,0.296,0.0,0.937,0.062,1,0.46603542765906936,0.5339645723409244
86,57.290001,57.259998,57.959999,16726400,57.639999,0.4296266233766233,0.12378237003237,0.9996,0.029,0.846,0.125,1,0.4660354382166193,0.5339645617833756
87,57.849998,57.419998,57.98,20089000,57.799999,0.5700000000000001,-0.0266666666666666,0.296,0.0,0.937,0.062,0,0.46725851109645455,0.5327414889035488
88,57.849998,57.419998,57.98,20089000,57.799999,0.4786057692307692,0.0120192307692307,0.9382,0.015,0.9,0.084,0,0.4672585207477428,0.5327414792522539
89,57.889999,56.889999,58.02,26497400,57.189999,0.4790854978354978,0.1282040328092959,0.9919,0.047,0.819,0.134,0,0.4711834229964432,0.528816577003554
90,57.110001,56.400002,57.27,22177500,57.110001,0.5700000000000001,-0.0266666666666666,0.296,0.0,0.937,0.062,0,0.46830834073131705,0.5316916592686796
91,56.700001,56.32,57.299999,25313700,56.919998,0.4424437830687828,0.1020014129389129,0.9955,0.06,0.788,0.152,1,0.47030134517318734,0.5296986548268058
92,57.119999,57.119999,57.740002,27402500,57.419998,0.5231481481481483,-0.0481481481481481,0.296,0.0,0.937,0.062,1,0.4719065345431197,0.5280934654568818
93,57.470001,57.400002,57.84,22878400,57.529999,0.5139036195286196,0.0199926346801346,0.9705,0.02,0.833,0.148,1,0.4687098235802881,0.5312901764197105
94,57.470001,57.400002,57.84,22878400,57.529999,0.2149408284023669,0.0171104536489151,0.9982,0.03,0.873,0.097,1,0.4687098264754772,0.5312901735245238
95,57.470001,57.400002,57.84,22878400,57.529999,0.403032472157472,0.1143922558922559,0.9864,0.043,0.836,0.121,1,0.46870982470130856,0.5312901752986962
96,57.5,56.66,57.52,49455600,57.25,0.4043584656084655,-0.0192608093584656,0.9888,0.023,0.884,0.093,0,0.5024738203698159,0.49752617963018686
97,57.5,56.66,57.52,49455600,57.25,0.5231481481481483,-0.0481481481481481,0.296,0.0,0.937,0.062,0,0.502473809705149,0.49752619029484424
98,60.279999,59.490002,60.450001,80032200,59.66,0.5549382716049384,0.1376543209876543,0.9776,0.0,0.891,0.109,0,0.5851304926017049,0.4148695073982906
99,60.279999,59.490002,60.450001,80032200,59.66,0.5700000000000001,-0.0266666666666666,0.296,0.0,0.937,0.062,0,0.5851304833396898,0.4148695166603161
100,60.279999,59.490002,60.450001,80032200,59.66,0.455444249792076,0.0657119852772026,0.9937,0.046,0.826,0.128,0,0.585130493806919,0.4148695061930841
101,59.939999,59.93,61.0,54067000,61.0,0.4539383632240774,0.090163368377654,0.9473,0.018,0.895,0.087,1,0.5120058201295515,0.4879941798704463
102,60.849998,60.799999,61.369999,35137200,60.990002,0.5231481481481483,-0.0481481481481481,0.296,0.0,0.937,0.062,1,0.4797902052456031,0.5202097947544017
103,60.849998,60.799999,61.369999,35137200,60.990002,0.4435083435083433,0.1482956857956857,0.9939,0.055,0.817,0.127,1,0.47979021567090024,0.5202097843290991
104,60.849998,60.799999,61.369999,35137200,60.990002,0.3803416518122401,0.1438784907902555,0.9987,0.044,0.83,0.126,1,0.4797902162703044,0.5202097837296902
105,60.849998,60.799999,61.369999,35137200,60.990002,0.4119942669942668,0.0363677313677313,0.9776,0.042,0.815,0.143,1,0.4797902157868647,0.520209784213131
106,60.810001,60.470001,61.200001,29911600,60.630001,0.5032882011605415,0.1021034816247582,0.902,0.075,0.806,0.118,0,0.47412746073037904,0.5258725392696191
107,60.810001,60.470001,61.200001,29911600,60.630001,0.5231481481481483,-0.0481481481481481,0.296,0.0,0.937,0.062,0,0.4741274520663048,0.5258725479336901
108,60.610001,60.09,60.830002,28479900,60.099998,0.4350350967300118,0.1378513953090224,0.9839,0.054,0.816,0.129,0,0.4728198151738647,0.5271801848261355
109,60.610001,60.09,60.830002,28479900,60.099998,0.4128787878787878,0.1262125484164957,0.9924,0.071,0.775,0.153,0,0.4728198155689118,0.5271801844310916
110,60.610001,60.09,60.830002,28479900,60.099998,0.4130471380471381,0.04503367003367,0.9694,0.013,0.897,0.09,0,0.4728198150574953,0.5271801849425113
111,60.009998,59.580002,60.52,33574700,59.869999,0.403729322207583,0.1060538093146788,0.9889,0.046,0.83,0.123,0,0.47795116879622285,0.5220488312037832
112,60.009998,59.580002,60.52,33574700,59.869999,0.5249778554778552,0.1245151515151515,0.9822,0.072,0.812,0.116,0,0.4779511676605371,0.5220488323394693
113,59.970001,59.25,60.02,24533000,59.799999,0.509766642975598,0.2374437337123904,0.9913,0.049,0.812,0.138,0,0.4697565984855405,0.5302434015144615
114,59.82,59.299999,59.93,22147000,59.43,0.5231481481481483,-0.0481481481481481,0.296,0.0,0.937,0.062,0,0.4682897115422566,0.5317102884577478
115,59.82,59.299999,59.93,22147000,59.43,0.5175677071466543,0.0969610389610389,0.9928,0.048,0.824,0.128,0,0.46828972129464885,0.5317102787053559
116,58.650002,58.52,59.279999,28697000,58.709999,0.5277777777777778,0.0833333333333333,0.0,0.0,1.0,0.0,1,0.4730123878955447,0.526987612104456
117,60.0,59.200001,60.59,49632500,60.169998,0.3573985890652557,-0.0659964726631393,0.8625,0.018,0.936,0.046,1,0.5028178983602496,0.497182101639751
118,58.23,58.009998,59.119999,38767800,59.02,0.5700000000000001,-0.0266666666666666,0.296,0.0,0.937,0.062,1,0.48454916958762784,0.5154508304123655
119,58.23,58.009998,59.119999,38767800,59.02,0.4047731004627556,0.1083818480370204,0.9136,0.007,0.904,0.089,1,0.48454917953197724,0.515450820468023
120,58.330002,58.32,59.490002,35904100,58.869999,0.5231481481481483,-0.0481481481481481,0.296,0.0,0.937,0.062,1,0.4807402498722229,0.5192597501277718
121,58.330002,58.32,59.490002,35904100,58.869999,0.4427469135802468,0.0622334455667789,0.9903,0.019,0.866,0.115,1,0.48074026021073446,0.5192597397892639
122,60.5,60.419998,60.970001,19652600,60.860001,0.4360774410774411,0.0394499759499759,0.9851,0.056,0.808,0.136,1,0.46706548523462293,0.5329345147653776
123,60.650002,60.52,61.41,22366700,61.09,0.4220425883097113,0.1340743541086007,0.9988,0.042,0.82,0.139,1,0.468411882708998,0.5315881172910041
124,60.650002,60.52,61.41,22366700,61.09,0.5283608058608056,0.1640306122448979,0.999,0.062,0.692,0.246,1,0.46841188203751355,0.5315881179624851
125,60.650002,60.52,61.41,22366700,61.09,0.487090909090909,0.0779999999999999,0.9953,0.011,0.81,0.179,1,0.46841188215855595,0.5315881178414498
126,60.650002,60.52,61.41,22366700,61.09,0.6216666666666667,0.2066666666666666,0.9274,0.0,0.788,0.212,1,0.46841188004968637,0.5315881199503142
127,60.860001,60.220001,61.18,34655400,60.259998,0.3687764866712235,0.1022837396521607,0.9949,0.017,0.814,0.169,0,0.47920982364373216,0.5207901763562721
128,60.110001,58.939999,60.150002,34542100,59.200001,0.5700000000000001,-0.0266666666666666,0.296,0.0,0.937,0.062,0,0.4790756822555093,0.5209243177444877
129,60.110001,58.939999,60.150002,34542100,59.200001,0.4272893772893771,0.1840934065934065,0.9658,0.086,0.795,0.119,0,0.4790756928691076,0.5209243071308929
130,59.080002,58.799999,59.470001,25515700,59.25,0.5231481481481483,-0.0481481481481481,0.296,0.0,0.937,0.062,1,0.47044544370329044,0.5295545562967144
131,60.009998,59.799999,61.380001,30809000,61.369999,0.6746666666666667,0.122,0.5267,0.0,0.868,0.132,1,0.4750008231736232,0.5249991768263754
132,60.009998,59.799999,61.380001,30809000,61.369999,0.4502721088435372,0.1896683673469388,0.9975,0.025,0.82,0.155,1,0.47500083165637674,0.5249991683436266
133,61.299999,60.84,61.580002,21220800,61.009998,0.4818782891944655,0.2178418640183346,0.99,0.091,0.758,0.152,0,0.4677974434760382,0.5322025565239679
134,61.18,61.130001,61.990002,27349400,61.970001,0.5535278267685674,0.2472290809327846,0.9919,0.077,0.778,0.145,1,0.4718604238154671,0.5281395761845327
135,61.18,61.130001,61.990002,27349400,61.970001,0.523815476190476,0.1638928571428571,0.9838,0.12,0.71,0.17,1,0.47186042412498813,0.5281395758750135
136,61.18,61.130001,61.990002,27349400,61.970001,0.3360250860250859,0.0795149295149295,0.9817,0.062,0.787,0.152,1,0.47186042564157343,0.5281395743584221
137,61.82,61.720001,62.299999,20198100,62.169998,0.5346800595238093,0.2666741071428572,0.9954,0.069,0.754,0.178,1,0.4673052107152058,0.5326947892847909
138,62.5,62.240002,63.419998,35718900,62.98,0.4000404040404041,0.049239898989899,0.7184,0.061,0.84,0.099,1,0.48050595151287495,0.5194940484871224
139,62.700001,62.299999,63.150002,27669900,62.580002,0.478243828243828,0.1593595218595218,0.996,0.071,0.792,0.137,0,0.4721248572192982,0.5278751427807035
140,62.700001,62.299999,63.150002,27669900,62.580002,0.5700000000000001,-0.0266666666666666,0.296,0.0,0.937,0.062,0,0.47212484662393506,0.5278751533760602
141,62.700001,62.299999,63.150002,27669900,62.580002,0.4093695576454198,0.0918582375478927,0.9891,0.07,0.794,0.136,0,0.4721248577531369,0.5278751422468627
142,62.950001,62.119999,62.950001,42453100,62.299999,0.5120000000000001,0.1541458333333333,0.9309,0.011,0.912,0.077,0,0.4900664459279961,0.5099335540720071
143,63.43,63.119999,63.700001,17096300,63.540001,0.5231481481481483,-0.0481481481481481,0.296,0.0,0.937,0.062,1,0.46613823004070776,0.5338617699592899
144,63.84,63.41,64.099998,22176600,63.549999,0.4577931327931327,0.1181600806600806,0.9712,0.008,0.898,0.093,0,0.4683035978188557,0.531696402181151
145,63.84,63.41,64.099998,22176600,63.549999,0.4322179588088679,0.1150026236389872,0.9972,0.061,0.766,0.173,0,0.46830359865771776,0.5316964013422842
146,63.84,63.41,64.099998,22176600,63.549999,0.4879990262901652,0.1300105485232067,0.996,0.068,0.776,0.156,0,0.4683035981217112,0.5316964018782895
147,63.450001,62.799999,63.540001,12403800,63.240002,0.5519631148578514,0.0974386407939039,0.9978,0.013,0.865,0.123,0,0.46530387222021213,0.5346961277797925
148,62.860001,62.73,63.200001,10250600,62.900002,0.5231481481481483,-0.0481481481481481,0.296,0.0,0.937,0.062,1,0.46529556364359553,0.5347044363564097
149,62.860001,62.73,63.200001,10250600,62.900002,0.4062343284421206,0.1032388823297914,0.981,0.042,0.854,0.104,1,0.4652955741323066,0.5347044258676953
150,62.959999,62.029999,62.990002,25579900,62.139999,0.4820440202367911,0.1595033380274344,0.9937,0.06,0.788,0.152,0,0.4704900157149321,0.5295099842850665
151,62.48,62.119999,62.75,21340000,62.299999,0.4726425913268018,-0.0106637806637806,0.9668,0.034,0.859,0.107,0,0.4678574731104168,0.5321425268895866
152,62.48,62.119999,62.75,21340000,62.299999,0.5231481481481483,-0.0481481481481481,0.296,0.0,0.937,0.062,0,0.4678574633425726,0.5321425366574235
153,62.189999,62.029999,62.66,24876000,62.299999,0.5231481481481483,-0.0481481481481481,0.296,0.0,0.937,0.062,1,0.4699896838346391,0.5300103161653567
154,62.189999,62.029999,62.66,24876000,62.299999,0.491072306072306,0.2097447934947935,0.9742,0.039,0.856,0.105,1,0.4699896934512259,0.530010306548778
155,62.299999,62.040001,63.150002,19922900,62.84,0.4682675581648184,0.091990106544901,0.9938,0.042,0.811,0.147,1,0.4671816139179509,0.532818386082047
156,62.759998,62.540001,63.080002,20382700,62.639999,0.4113902340597256,0.1185927067282999,0.9745,0.005,0.894,0.102,0,0.46738953349838014,0.5326104665016254
157,62.73,62.279999,63.07,18593000,62.619999,0.5700000000000001,-0.0266666666666666,0.296,0.0,0.937,0.062,0,0.46664025730266834,0.533359742697327
158,62.73,62.279999,63.07,18593000,62.619999,0.5222309299895507,0.189198014629049,0.961,0.018,0.893,0.089,0,0.4666402668179096,0.5333597331820938
159,62.73,62.279999,63.07,18593000,62.619999,0.4378186628186628,0.0786075036075036,0.128,0.075,0.86,0.065,0,0.46664025623013256,0.5333597437698638
160,62.610001,62.43,63.23,21517300,63.189999,0.5700000000000001,-0.0266666666666666,0.296,0.0,0.937,0.062,1,0.4679489865277843,0.5320510134722211
161,62.610001,62.43,63.23,21517300,63.189999,0.4085858585858585,-0.0959781639928698,0.9937,0.002,0.922,0.076,1,0.467948997562148,0.5320510024378517
162,62.610001,62.43,63.23,21517300,63.189999,0.4701496226906063,0.0960421545667447,0.9924,0.036,0.812,0.152,1,0.4679489971398559,0.5320510028601506
163,62.619999,62.349998,62.869999,19422300,62.700001,0.2970328282828282,-0.0019570707070707,-0.9709,0.143,0.822,0.034,1,0.46696725375216536,0.5330327462478334
164,62.619999,62.349998,62.869999,19422300,62.700001,0.4068954854669141,-0.09721706864564,0.9931,0.0,0.923,0.077,1,0.4669672796130246,0.5330327203869824
165,62.619999,62.349998,62.869999,19422300,62.700001,0.4677830940988837,-0.0497308612440191,0.9741,0.005,0.888,0.107,1,0.46696727887352824,0.5330327211264771
166,62.619999,62.349998,62.869999,19422300,62.700001,0.3741046831955924,0.0644628099173553,-0.7797,0.066,0.89,0.044,1,0.466967255567703,0.5330327444323006
167,62.619999,62.349998,62.869999,19422300,62.700001,0.4518218246400063,0.1608983339892431,0.9977,0.014,0.845,0.141,1,0.4669672793286055,0.5330327206713953
168,62.68,62.029999,62.700001,20664000,62.529999,0.4320079920079919,0.1595071595071594,0.9771,0.074,0.808,0.118,0,0.4675223729885962,0.5324776270113974
169,62.240002,62.200001,62.98,18451700,62.299999,0.5742772108843539,0.1899234693877551,0.9637,0.051,0.825,0.124,1,0.46658813328111076,0.533411866718892
170,62.240002,62.200001,62.98,18451700,62.299999,0.5700000000000001,-0.0266666666666666,0.296,0.0,0.937,0.062,1,0.46658812405428357,0.53341187594571
171,62.240002,62.200001,62.98,18451700,62.299999,0.5308835104289648,-0.0093506493506493,0.9935,0.01,0.872,0.118,1,0.4665881340804581,0.5334118659195407
172,62.240002,62.200001,62.98,18451700,62.299999,0.4878571428571426,-0.0250858285233285,0.9948,0.033,0.832,0.136,1,0.46658813455528975,0.5334118654447145
173,62.240002,62.200001,62.98,18451700,62.299999,0.4478431530155667,0.08700583420411,0.9941,0.024,0.842,0.135,1,0.46658813482701905,0.5334118651729781
174,62.669998,62.369999,62.82,30213500,62.740002,0.4913011063011061,0.2528547378547378,0.9183,0.054,0.85,0.096,1,0.4744155220772518,0.5255844779227485
175,62.669998,62.369999,62.82,30213500,62.740002,0.4115977961432506,-0.0999070247933884,0.9934,0.002,0.93,0.069,1,0.4744155238224808,0.5255844761775186
176,62.669998,62.369999,62.82,30213500,62.740002,0.5542648156441258,-0.0445133602030153,0.9922,0.023,0.855,0.122,1,0.47441552268500264,0.5255844773150031
177,63.200001,62.939999,63.740002,24672900,63.52,0.4350365903937332,0.1146464646464646,0.9966,0.011,0.813,0.176,1,0.46984936685559087,0.5301506331444024
178,63.200001,62.939999,63.740002,24672900,63.52,0.5348484848484849,-0.0250811688311688,0.9652,0.007,0.868,0.126,1,0.4698493655007086,0.5301506344992902
179,63.950001,63.450001,64.099998,23672700,63.68,0.5700000000000001,-0.0266666666666666,0.296,0.0,0.937,0.062,0,0.4691917033657636,0.5308082966342363
180,63.950001,63.450001,64.099998,23672700,63.68,0.5028903318903319,0.1230468975468975,0.9887,0.008,0.898,0.095,0,0.46919171346195326,0.5308082865380402
181,64.120003,63.549999,64.540001,43554600,64.269997,0.3587331229376684,0.0961507873439691,0.998,0.042,0.85,0.108,1,0.4918504251322543,0.5081495748677411
182,65.389999,64.889999,65.910004,44818000,65.779999,0.725,0.25,0.5574,0.0,0.916,0.084,1,0.4939733119663028,0.5060266880337033
183,65.389999,64.889999,65.910004,44818000,65.779999,0.440462962962963,0.1125925925925925,0.98,0.0,0.898,0.102,1,0.49397332037570807,0.5060266796242987
184,65.389999,64.889999,65.910004,44818000,65.779999,0.5231481481481483,-0.0481481481481481,0.296,0.0,0.937,0.062,1,0.49397331022699015,0.5060266897730151
185,65.389999,64.889999,65.910004,44818000,65.779999,0.3472482174688055,-0.1064505347593583,0.9989,0.001,0.852,0.146,1,0.4939733216519889,0.5060266783480057
186,65.389999,64.889999,65.910004,44818000,65.779999,0.5499603174603174,0.1853679653679653,0.9943,0.036,0.826,0.138,1,0.4939733197165715,0.5060266802834251
187,65.389999,64.889999,65.910004,44818000,65.779999,0.4464830119375574,0.1543640955004591,0.9906,0.013,0.864,0.123,1,0.4939733205165319,0.5060266794834616
188,65.389999,64.889999,65.910004,44818000,65.779999,0.489436553030303,0.0985132575757575,0.9719,0.02,0.863,0.117,1,0.49397331990661103,0.5060266800933867
189,65.389999,64.889999,65.910004,44818000,65.779999,0.4413416075650117,0.0798463356973995,0.9994,0.018,0.796,0.186,1,0.49397332086307755,0.5060266791369167
190,65.389999,64.889999,65.910004,44818000,65.779999,0.4333333333333334,0.1425213675213675,0.9902,0.075,0.756,0.169,1,0.49397332083153767,0.5060266791684567
191,64.860001,64.260002,65.150002,25270500,64.650002,0.5125222816399289,-0.0485962566844919,0.9612,0.006,0.895,0.099,0,0.47026558803517005,0.5297344119648314
192,64.360001,63.470001,64.620003,39671500,63.580002,0.5700000000000001,-0.0266666666666666,0.296,0.0,0.937,0.062,0,0.4858348617854127,0.5141651382145882
193,64.360001,63.470001,64.620003,39671500,63.580002,0.5034932659932662,-0.0514520202020202,0.9747,0.005,0.883,0.112,0,0.48583487182784074,0.5141651281721582
194,64.360001,63.470001,64.620003,39671500,63.580002,0.594551849665486,0.3484873081463989,0.7339,0.078,0.814,0.108,0,0.48583486764417344,0.5141651323558288
195,64.360001,63.470001,64.620003,39671500,63.580002,0.5026308635004287,0.0494371771545684,0.9751,0.055,0.838,0.107,0,0.4858348718634453,0.5141651281365526
196,63.25,62.75,63.41,45827000,63.169998,0.3945241892610313,-0.0905901116427432,0.9961,0.0,0.91,0.09,0,0.495729513548715,0.5042704864512902
197,63.25,62.75,63.41,45827000,63.169998,0.4700167256985437,-0.0644738783943329,0.9927,0.002,0.913,0.085,0,0.4957295128209299,0.5042704871790665
198,63.25,62.75,63.41,45827000,63.169998,0.4873544973544974,0.0737566137566137,0.9217,0.012,0.86,0.128,0,0.49572951173907626,0.5042704882609206
199,63.25,62.75,63.41,45827000,63.169998,0.45238439511877,0.128180634469697,0.9906,0.073,0.767,0.16,0,0.4957295131361468,0.5042704868638507
200,63.25,62.75,63.41,45827000,63.169998,0.3994876543209876,0.0622042648709315,0.9983,0.036,0.821,0.143,0,0.49572951363929624,0.5042704863607034
201,63.5,63.07,63.700001,30301800,63.68,0.4023760330578513,-0.0844008264462809,0.9893,0.003,0.924,0.073,1,0.47450048354958063,0.5254995164504183
202,63.5,63.07,63.700001,30301800,63.68,0.5231481481481483,-0.0481481481481481,0.296,0.0,0.937,0.062,1,0.4745004729340731,0.5254995270659296
203,63.740002,63.23,63.779999,20277200,63.43,0.5154634581105171,-0.0316844919786096,0.9705,0.0,0.881,0.119,0,0.4673403859390934,0.5326596140609109
204,63.740002,63.23,63.779999,20277200,63.43,0.5231481481481483,-0.0481481481481481,0.296,0.0,0.937,0.062,0,0.4673403765135589,0.5326596234864369
205,63.740002,63.23,63.779999,20277200,63.43,0.4371392496392497,0.1423520923520923,0.9966,0.072,0.735,0.193,0,0.46734038717668086,0.5326596128233201
206,63.57,63.220001,63.810001,18096400,63.34,0.4162575757575756,-0.0592727272727272,0.9978,0.004,0.832,0.165,0,0.46646070284142443,0.5335392971585778
207,63.57,63.220001,63.810001,18096400,63.34,0.4039816772374913,-0.0770613107822409,0.9894,0.0,0.925,0.075,0,0.46646070263969,0.5335392973603059
208,63.57,63.220001,63.810001,18096400,63.34,0.5231481481481483,-0.0481481481481481,0.296,0.0,0.937,0.062,0,0.4664606920607599,0.5335393079392363
209,63.57,63.220001,63.810001,18096400,63.34,0.4326311899482632,-0.0975886917960088,0.9902,0.002,0.924,0.074,0,0.4664607024111752,0.5335392975888212
210,63.57,63.220001,63.810001,18096400,63.34,0.388676236044657,-0.1082801701222754,0.9947,0.001,0.933,0.066,0,0.4664607028419282,0.5335392971580775
211,63.57,63.220001,63.810001,18096400,63.34,0.4884629731970157,0.155750898038132,0.9975,0.044,0.772,0.184,0,0.4664607022158972,0.5335392977840969
212,63.52,63.32,64.440002,22644400,64.059998,0.5231481481481483,-0.0481481481481481,0.296,0.0,0.937,0.062,1,0.4685689990937084,0.5314310009062916
213,63.52,63.32,64.440002,22644400,64.059998,0.486855183105183,0.1064723977223977,0.981,0.07,0.786,0.144,1,0.4685690090186392,0.5314309909813668
214,63.52,63.32,64.440002,22644400,64.059998,0.4000891265597148,-0.0969585561497326,0.9923,0.002,0.926,0.072,1,0.4685690097578754,0.5314309902421231
215,64.25,63.98,64.300003,18170700,64.0,0.4736156396794694,0.1721361410457155,0.9989,0.04,0.755,0.205,0,0.46648630492779686,0.5335136950722077
216,64.25,63.98,64.300003,18170700,64.0,0.4519469696969698,-0.092278409090909,0.9986,0.002,0.842,0.156,0,0.4664863050658029,0.5335136949341983
217,64.25,63.98,64.300003,18170700,64.0,0.439439337192146,0.1620235257875707,0.9988,0.02,0.81,0.169,0,0.4664863051198571,0.5335136948801409
218,64.410004,64.019997,64.720001,23108400,64.57,0.3862001262626262,0.0188756313131313,0.9884,0.047,0.85,0.103,1,0.46884297963769517,0.5311570203623076
219,64.5,64.160004,64.57,17005200,64.529999,0.4469542362399504,0.088443104514533,0.9785,0.05,0.826,0.124,1,0.46611078947362783,0.5338892105263713
220,64.739998,64.440002,65.239998,20546300,64.519997,0.3935887351573627,0.1120046638183893,0.9993,0.056,0.784,0.159,0,0.4674649115924763,0.5325350884075268
221,64.739998,64.440002,65.239998,20546300,64.519997,0.5231481481481483,-0.0481481481481481,0.296,0.0,0.937,0.062,0,0.46746490059679063,0.5325350994032144
222,64.739998,64.440002,65.239998,20546300,64.519997,0.4085858585858586,-0.0891154188948306,0.9929,0.002,0.928,0.071,0,0.4674649111850232,0.5325350888149761
223,64.739998,64.440002,65.239998,20546300,64.519997,0.5626031746031747,0.2245079365079365,0.8011,0.091,0.785,0.124,0,0.4674649073287176,0.5325350926712892
224,64.739998,64.440002,65.239998,20546300,64.519997,0.3581587057010784,0.120099512069851,0.9796,0.023,0.888,0.089,0,0.46746491142112473,0.532535088578869
225,64.470001,64.300003,64.690002,21248800,64.620003,0.4129788450543167,-0.1036771012006861,0.9939,0.002,0.924,0.074,1,0.4678096420149854,0.5321903579850139
226,64.470001,64.300003,64.690002,21248800,64.620003,0.4419968919968922,-0.0977855477855477,0.9984,0.0,0.845,0.155,1,0.46780964199476893,0.5321903580052294
227,64.470001,64.300003,64.690002,21248800,64.620003,0.412603305785124,-0.0913137052341597,0.9894,0.006,0.916,0.078,1,0.4678096419660497,0.5321903580339457
228,64.330002,64.050003,64.389999,19292700,64.360001,0.4290963750054659,0.1025425248152521,0.9885,0.01,0.917,0.074,1,0.46691287508818197,0.5330871249118175
229,64.330002,64.050003,64.389999,19292700,64.360001,0.5231481481481483,-0.0481481481481481,0.296,0.0,0.937,0.062,1,0.4669128648088357,0.5330871351911662
230,64.419998,64.190002,64.730003,20273100,64.620003,0.5231481481481483,-0.0481481481481481,0.296,0.0,0.937,0.062,1,0.4673379311577234,0.5326620688422696
231,64.529999,64.139999,64.800003,21796800,64.620003,0.5231481481481483,-0.0481481481481481,0.296,0.0,0.937,0.062,1,0.46809582920757076,0.5319041707924267
232,64.129997,64.019997,64.989998,26937500,64.940002,0.5317168017168015,0.2756758056758057,0.9967,0.057,0.775,0.168,1,0.4715254923389941,0.5284745076610017
233,64.129997,64.019997,64.989998,26937500,64.940002,0.5929834054834056,0.0768037518037518,0.8834,0.068,0.815,0.117,1,0.471525490246642,0.5284745097533535
234,64.690002,63.880001,64.75,24539600,64.010002,0.5176834130781498,0.1901246012759171,0.9423,0.046,0.877,0.077,0,0.46975816344617843,0.5302418365538154
235,64.190002,64.190002,64.779999,18521000,64.400002,0.4286130536130536,-0.1037478146853147,0.9948,0.002,0.917,0.081,1,0.466612447565269,0.5333875524347259
236,64.260002,64.25,65.080002,21510900,64.989998,0.4786776318919175,0.0616358641358641,-0.877,0.118,0.779,0.103,1,0.46794451584321123,0.5320554841567905
237,65.190002,64.480003,65.199997,19846800,64.730003,0.3342261904761905,-0.0455357142857142,0.9776,0.0,0.896,0.104,0,0.4671467749448543,0.5328532250551513
238,65.190002,64.480003,65.199997,19846800,64.730003,0.5670597601632084,0.1780729088918743,0.9916,0.044,0.829,0.128,0,0.4671467731250405,0.5328532268749643
239,65.110001,64.75,65.260002,19538200,64.93,0.3958613869790339,0.1133861302096596,0.999,0.025,0.793,0.181,0,0.4670142753679778,0.5329857246320256
240,65.110001,64.75,65.260002,19538200,64.93,0.5329004329004329,0.1933116883116882,0.986,0.043,0.831,0.126,0,0.46701427386530253,0.5329857261346981
241,65.110001,64.75,65.260002,19538200,64.93,0.2694985569985569,-0.06504329004329,0.9989,0.001,0.854,0.145,0,0.4670142764320089,0.5329857235679893
242,65.110001,64.75,65.260002,19538200,64.93,0.4683961146647712,0.2133676853826107,0.9965,0.085,0.728,0.187,0,0.4670142747626801,0.5329857252373165
243,65.110001,64.75,65.260002,19538200,64.93,0.5053880070546737,0.1401296296296296,0.9992,0.013,0.777,0.21,0,0.4670142744463498,0.5329857255536522
244,64.529999,64.150002,64.550003,14280200,64.410004,0.5267945984363894,0.1061744847192608,0.6784,0.084,0.82,0.096,0,0.46550258877917616,0.5344974112208217
245,64.550003,64.25,64.919998,24833800,64.75,0.5076435574229691,0.2038165266106442,0.9976,0.08,0.711,0.209,1,0.4699590976222642,0.5300409023777427
246,64.550003,64.25,64.919998,24833800,64.75,0.5231481481481483,-0.0481481481481481,0.296,0.0,0.937,0.062,1,0.46995908753410537,0.5300409124658959
247,64.75,64.300003,64.760002,20674300,64.639999,0.5700000000000001,-0.0266666666666666,0.296,0.0,0.937,0.062,0,0.46752596800515234,0.5324740319948439
248,64.75,64.300003,64.760002,20674300,64.639999,0.4286130536130536,-0.1037478146853147,0.9948,0.002,0.917,0.081,0,0.46752597889317415,0.5324740211068232
249,64.910004,64.68,65.239998,49219700,64.870003,0.4516420849915993,0.1587957242326174,0.9936,0.048,0.842,0.11,0,0.5020103439160519,0.49798965608395274
250,64.910004,64.68,65.239998,49219700,64.870003,0.5067232021709632,0.0832784131291594,0.997,0.009,0.83,0.161,0,0.5020103435647026,0.4979896564352904
251,64.910004,64.68,65.239998,49219700,64.870003,0.4465578912612808,0.2110274965147847,0.998,0.051,0.785,0.165,0,0.5020103441214825,0.4979896558785115
252,64.910004,64.720001,65.18,14598100,64.93,0.4528969696969696,0.2216138528138528,0.9929,0.041,0.842,0.117,1,0.4655537524376448,0.5344462475623512
253,65.190002,64.129997,65.5,26640500,64.209999,0.5231481481481483,-0.0481481481481481,0.296,0.0,0.937,0.062,0,0.47129040303099073,0.5287095969690113
254,65.190002,64.129997,65.5,26640500,64.209999,0.4388396156688839,-0.0906042128603104,0.9899,0.006,0.914,0.08,0,0.47129041335189237,0.5287095866481109
255,65.190002,64.129997,65.5,26640500,64.209999,0.3726752645502645,0.0820039682539682,0.9982,0.049,0.797,0.155,0,0.47129041419583,0.5287095858041739
256,64.120003,64.120003,65.139999,20680000,65.029999,0.5700000000000001,-0.0266666666666666,0.296,0.0,0.937,0.062,1,0.4675286992299642,0.5324713007700348
257,64.940002,64.769997,65.239998,19269200,64.870003,0.5420370370370371,0.0551851851851851,0.8689,0.016,0.878,0.106,0,0.46690281106844067,0.5330971889315562
258,64.940002,64.769997,65.239998,19269200,64.870003,0.3291343669250647,0.0124354005167958,-0.9822,0.119,0.82,0.061,0,0.46690278764735027,0.5330972123526531
259,64.940002,64.769997,65.239998,19269200,64.870003,0.4912004662004662,-0.0377039627039627,0.9941,0.017,0.806,0.178,0,0.46690281342732726,0.5330971865726746
260,64.940002,64.769997,65.239998,19269200,64.870003,0.4563179777573716,0.1985284300435816,0.9986,0.044,0.785,0.172,0,0.4669028137151972,0.5330971862848031
261,64.940002,64.769997,65.239998,19269200,64.870003,0.5231481481481483,-0.0481481481481481,0.296,0.0,0.937,0.062,0,0.46690280331045036,0.5330971966895505
262,65.360001,64.760002,65.449997,22617100,64.980003,0.3766911023986495,0.0494752103242669,0.9959,0.006,0.799,0.195,0,0.4685524044813411,0.5314475955186576
263,64.629997,64.349998,65.220001,18614700,65.099998,0.4849335188620903,0.2353251906823336,0.9989,0.064,0.713,0.223,1,0.4666470944244341,0.5333529055755616
264,64.959999,64.650002,65.470001,20080400,65.290001,0.5700000000000001,-0.0266666666666666,0.296,0.0,0.937,0.062,1,0.4672501279013526,0.5327498720986416
265,65.120003,64.949997,65.5,13618400,65.470001,0.4605279888307408,0.0205517494737678,0.9755,0.057,0.833,0.11,1,0.4654113181493565,0.5345886818506497
266,65.419998,65.360001,65.980003,15122800,65.709999,0.4251507936507935,0.1234036281179138,0.9905,0.055,0.82,0.126,1,0.4656495763093598,0.5343504236906456
267,65.650002,65.449997,66.190002,21040300,65.860001,0.3349652777777778,-0.0313194444444444,0.5106,0.077,0.829,0.094,1,0.4677039547835609,0.5322960452164455
268,65.650002,65.449997,66.190002,21040300,65.860001,0.4808389401762893,0.1286607468836384,0.9914,0.049,0.829,0.122,1,0.46770396004381226,0.532296039956182
269,97.0,93.970001,97.239998,35387800,94.410004,0.4752765752765753,0.1080627705627705,0.9633,0.0,0.901,0.099,0,0.4800753822807702,0.5199246177192299
270,97.0,93.970001,97.239998,35387800,94.410004,0.4400610289850793,0.1697239469391368,0.9892,0.048,0.823,0.13,0,0.4800753830595746,0.5199246169404227
271,97.0,93.970001,97.239998,35387800,94.410004,0.4893525278140661,0.1463619713619713,0.9948,0.016,0.844,0.14,0,0.48007538268831285,0.5199246173116837
272,97.0,93.970001,97.239998,35387800,94.410004,0.508589590486142,0.1758287928546549,0.9906,0.062,0.803,0.135,0,0.48007538251121323,0.5199246174887878
273,95.120003,93.5,95.410004,32132000,93.849998,0.3912512218963833,0.14980449657869,0.7783,0.074,0.839,0.087,0,0.4763421545866292,0.5236578454133778
274,93.529999,92.830002,94.580002,27611000,94.18,0.5329052429052428,0.1159724226390893,0.9877,0.074,0.781,0.145,1,0.4720566050160823,0.5279433949839114
275,93.529999,92.830002,94.580002,27611000,94.18,0.4200839826839826,0.05301829004329,0.9882,0.077,0.801,0.122,1,0.4720566059913256,0.527943394008673
276,93.529999,92.830002,94.580002,27611000,94.18,0.4346907661393641,0.1914602635163384,0.9941,0.052,0.837,0.112,1,0.47205660581855263,0.5279433941814411
277,93.529999,92.830002,94.580002,27611000,94.18,0.5231481481481483,-0.0481481481481481,0.296,0.0,0.937,0.062,1,0.4720565953889075,0.527943404611094
278,93.529999,92.830002,94.580002,27611000,94.18,0.4729987373737374,0.0323232323232323,0.921,0.054,0.85,0.097,1,0.47205660452424786,0.5279433954757471
279,94.68,93.919998,95.379997,49081300,94.599998,0.5700000000000001,-0.0266666666666666,0.296,0.0,0.937,0.062,0,0.5017241685549484,0.4982758314450446
280,92.93,92.209999,94.050003,24457100,92.480003,0.4910970608339027,0.1058049954431533,0.9975,0.047,0.78,0.173,0,0.46968483551891604,0.5303151644810772
281,91.269997,89.660004,91.75,38604700,89.790001,0.4118833943833942,0.0682887482887482,0.9261,0.058,0.856,0.085,0,0.4843009923415721,0.5156990076584329
282,91.269997,89.660004,91.75,38604700,89.790001,0.4845336481700117,0.0411747343565525,0.9136,0.008,0.914,0.078,0,0.4843009914500418,0.5156990085499552
283,89.5,87.080002,90.459999,44068900,87.18,0.5231481481481483,-0.0481481481481481,0.296,0.0,0.937,0.062,0,0.492689680290047,0.5073103197099572
284,90.610001,90.400002,94.0,56396800,93.779999,0.5109265734265734,0.0343677156177156,0.2468,0.031,0.926,0.043,1,0.5172124734991188,0.48278752650087736
285,90.610001,90.400002,94.0,56396800,93.779999,0.3782894736842105,0.1160714285714285,0.9942,0.004,0.826,0.17,1,0.5172124851309845,0.4827875148690169
